0 0
1 0
1 1
0 1
-0.25 0.3333
0 0.3333
0 0.4167
-0.25 0.4167
-0.25 0.5833
0 0.5833
0 0.6667
-0.25 0.6667
0.025 0
0.05 0
0.075 0
0.1 0
0.125 0
0.15 0
0.175 0
0.2 0
0.225 0
0.25 0
0.275 0
0.3 0
0.325 0
0.35 0
0.375 0
0.4 0
0.425 0
0.45 0
0.475 0
0.5 0
0.525 0
0.55 0
0.575 0
0.6 0
0.625 0
0.65 0
0.675 0
0.7 0
0.725 0
0.75 0
0.775 0
0.8 0
0.825 0
0.85 0
0.875 0
0.9 0
0.925 0
0.95 0
0.975 0
1 0.025
1 0.05
1 0.075
1 0.1
1 0.125
1 0.15
1 0.175
1 0.2
1 0.225
1 0.25
1 0.275
1 0.3
1 0.325
1 0.35
1 0.375
1 0.4
1 0.425
1 0.45
1 0.475
1 0.5
1 0.525
1 0.55
1 0.575
1 0.6
1 0.625
1 0.65
1 0.675
1 0.7
1 0.725
1 0.75
1 0.775
1 0.8
1 0.825
1 0.85
1 0.875
1 0.9
1 0.925
1 0.95
1 0.975
0.975 1
0.95 1
0.925 1
0.9 1
0.875 1
0.85 1
0.825 1
0.8 1
0.775 1
0.75 1
0.725 1
0.7 1
0.675 1
0.65 1
0.625 1
0.6 1
0.575 1
0.55 1
0.525 1
0.5 1
0.475 1
0.45 1
0.425 1
0.4 1
0.375 1
0.35 1
0.325 1
0.3 1
0.275 1
0.25 1
0.225 1
0.2 1
0.175 1
0.15 1
0.125 1
0.1 1
0.075 1
0.05 1
0.025 1
-0.225 0.3333
-0.2 0.3333
-0.175 0.3333
-0.15 0.3333
-0.125 0.3333
-0.1 0.3333
-0.075 0.3333
-0.05 0.3333
-0.025 0.3333
-0.025 0.4167
-0.05 0.4167
-0.075 0.4167
-0.1 0.4167
-0.125 0.4167
-0.15 0.4167
-0.175 0.4167
-0.2 0.4167
-0.225 0.4167
-0.225 0.5833
-0.2 0.5833
-0.175 0.5833
-0.15 0.5833
-0.125 0.5833
-0.1 0.5833
-0.075 0.5833
-0.05 0.5833
-0.025 0.5833
-0.025 0.6667
-0.05 0.6667
-0.075 0.6667
-0.1 0.6667
-0.125 0.6667
-0.15 0.6667
-0.175 0.6667
-0.2 0.6667
-0.225 0.6667
0 0.0238071429
0 0.0476142857
0 0.0714214286
0 0.0952285714
0 0.119035714
0 0.142842857
0 0.16665
0 0.190457143
0 0.214264286
0 0.238071429
0 0.261878571
0 0.285685714
0 0.309492857
0 0.4405
0 0.4643
0 0.4881
0 0.5119
0 0.5357
0 0.5595
0 0.690507143
0 0.714314286
0 0.738121429
0 0.761928571
0 0.785735714
0 0.809542857
0 0.83335
0 0.857157143
0 0.880964286
0 0.904771429
0 0.928578571
0 0.952385714
0 0.976192857
-0.25 0.35415
-0.25 0.375
-0.25 0.39585
-0.25 0.60415
-0.25 0.625
-0.25 0.64585
0.496479892 0.502534588
0.864236021 0.865415532
0.865424944 0.135096595
0.140570721 0.865958048
0.135860374 0.140075476
-0.19276948 0.376235166
-0.136153456 0.380477449
-0.0886994644 0.380552818
-0.0288350456 0.37737646
-0.191513378 0.626236957
-0.139602804 0.630363619
-0.0903899934 0.630619862
-0.0409932734 0.624977878
0.962069481 0.96092761
0.96092804 0.0379315388
0.0353495983 0.965554105
0.0412731937 0.0357639386
-0.234872477 0.346646574
-0.235417187 0.402830809
-0.234778909 0.596702849
-0.235206272 0.652985254
0.263314176 0.629817343
0.734761555 0.371014771
0.627576579 0.736574717
0.36905058 0.264120141
0.895864018 0.763503045
0.763972316 0.104895628
0.233456864 0.893146323
0.0999476491 0.225491539
0.0720018999 0.823980973
0.0732226244 0.102780752
0.0709746141 0.898235535
0.836615456 0.927380213
0.927238507 0.163418193
0.925082052 0.883271293
0.883287061 0.0749015729
0.166365927 0.0739486364
0.00494768807 0.37401242
-0.214996694 0.630535792
-0.216025022 0.379881456
-0.162872313 0.396463949
-0.162093417 0.355811478
-0.0128186314 0.644198036
-0.0651949177 0.645727058
-0.01281601 0.603907042
-0.112494147 0.395450641
-0.0623531739 0.355897993
-0.0615980092 0.396762673
-0.114306728 0.646279754
-0.113559365 0.60647081
-0.0660978333 0.606238675
-0.112476294 0.356267555
-0.163746771 0.64518663
-0.162556526 0.605459241
0.982230215 0.0652778086
0.934724113 0.982229537
0.0623527416 0.0234010059
0.0645652613 0.980169482
0.0189529714 0.0327289331
0.0222527485 0.978473484
0.976778683 0.0227454145
0.977254829 0.976778581
0.015336754 0.0147220922
0.572373412 0.224045515
0.417220887 0.775939763
0.776074798 0.572445405
0.210956655 0.39678667
0.856166312 0.284235534
0.718037906 0.852760169
0.289451489 0.147601984
0.145463792 0.701514421
0.170713557 0.930316163
0.910437243 0.823469927
0.823661263 0.0895342087
0.0777573862 0.16206712
0.947369102 0.735050591
0.735041539 0.0527359141
0.265679737 0.948063159
0.890521183 0.937070228
0.937076232 0.109499917
0.113338997 0.0540509996
0.0489346275 0.251339361
0.0498479741 0.858666949
0.0433393442 0.794530799
0.957786009 0.918191048
0.918192387 0.0422156885
0.959895066 0.186926599
0.813093139 0.960119051
0.192976747 0.0443278739
0.0434202953 0.0724454019
0.0388992575 0.92390268
-0.0191327673 0.395399573
-0.0141162315 0.359693643
-0.206800369 0.362141954
-0.206183253 0.612359369
0.0891595712 0.979968147
-0.199855743 0.642681887
-0.0825156063 0.396832483
-0.184424604 0.395447444
-0.033453424 0.644721302
-0.133475654 0.646681137
-0.138384389 0.6088827
-0.137084131 0.358958969
-0.142307688 0.396735934
-0.0877595929 0.359009239
-0.0840492473 0.646673368
-0.0892824745 0.609119947
-0.0334822058 0.604777249
-0.230047165 0.364544806
-0.22973469 0.614728646
-0.218746846 0.398802434
0.980571416 0.0430226615
0.956302106 0.0188180541
0.956978094 0.980571112
0.981182287 0.956301961
0.0328159779 0.0170510211
0.0194751834 0.959472981
0.0417769651 0.981071945
-0.232998184 0.636390317
-0.233363585 0.386137314
0.987941227 0.0119264416
0.988073594 0.987941212
0.0118176073 0.98866078
-0.15422904 0.626280167
-0.104965299 0.627130588
-0.103417742 0.376754662
-0.0576935029 0.625738644
-0.0722606019 0.377522719
-0.152291068 0.377350434
-0.022776274 0.624267452
0.341572066 0.494253041
0.650586413 0.500441434
0.498442409 0.347554098
0.498072778 0.652205265
0.143103998 0.553423421
0.436784923 0.137014337
0.861524321 0.436968994
0.55181395 0.856405661
0.263456335 0.762367772
0.731138233 0.230013815
0.764044176 0.730334069
0.237087902 0.273504333
0.364228854 0.889313076
0.636080087 0.121558008
0.880318434 0.635407819
0.113707247 0.343566498
0.922253007 0.249943437
0.75250992 0.922313719
0.249049711 0.0797277813
0.0715146458 0.726703335
0.188849118 0.872038185
0.111970507 0.929897134
0.125146748 0.18447094
0.213241694 0.952839168
0.7829462 0.0478696508
0.952165618 0.782931066
0.0442166119 0.198079918
0.848135097 0.0463258061
0.95367042 0.848124335
0.112685197 0.0973044773
0.0417254669 0.137878674
0.864235524 0.961013034
0.961001757 0.135804219
0.894897352 0.107758082
0.892166547 0.894884466
0.0888918154 0.861538829
0.160246974 0.964612615
0.0751461971 0.059963408
0.145685128 0.0400011179
0.899783031 0.96945141
0.969453828 0.100229235
0.944232435 0.0699805155
0.930025722 0.94422954
0.0348526575 0.892669787
0.0350732693 0.826309853
0.060460415 0.943292858
0.973679473 0.740738677
0.740736678 0.0263419171
0.260055747 0.974037577
0.0223933634 0.250690303
0.0245165707 0.0573771369
0.979614711 0.913274018
0.913274323 0.0203858042
0.939945084 0.0353900353
0.96461119 0.93994451
0.0892998954 0.0234200241
-0.18497244 0.356117646
-0.0392024162 0.396545221
-0.03849045 0.355985511
-0.184722362 0.605961602
0.0193912335 0.937819994
0.00069309268 0.395585069
0.0197701301 0.790498905
0.981924786 0.194293761
0.805713902 0.982112903
0.191390428 0.0215087476
-0.182070832 0.643457689
-0.21801505 0.649316574
-0.202737563 0.390670369
-0.21914378 0.598066213
-0.21933669 0.347973312
-0.0113359908 0.380367822
-0.0504886987 0.376610554
-0.173228219 0.376170145
-0.0753710134 0.627276218
-0.121534875 0.376731347
-0.123992129 0.627529866
-0.173121383 0.625361599
0.0465541202 0.0190542546
-0.203143265 0.627910453
-0.00342636405 0.623047378
-0.00781080196 0.344657819
-0.0986808568 0.643395202
-0.148176385 0.642962364
-0.0495892914 0.608975168
-0.0494034364 0.641542302
-0.0974403471 0.393169205
0.382282521 0.600809909
0.608016432 0.388047724
0.615112305 0.613063103
0.324473022 0.36888719
0.473316713 0.24520504
0.758367631 0.475569616
0.517290586 0.749997528
0.235553305 0.498579658
0.116902778 0.443876277
0.538370352 0.126427615
0.875264993 0.536840447
0.457330572 0.863954196
0.621896381 0.903975399
0.211520811 0.182019614
0.36253489 0.0870849752
0.9130013 0.361746864
0.173089466 0.775161005
0.808082433 0.210992856
0.792480362 0.821547167
0.0759623582 0.604513815
0.336026381 0.802809758
0.837227295 0.70315159
0.702775769 0.159629913
0.362672535 0.183169809
0.815309178 0.362338834
0.181795629 0.623165022
0.155424452 0.275267525
0.694023931 0.767274695
0.303280583 0.892457521
0.390579995 0.936534089
0.609248819 0.0581564498
0.674166064 0.0607654947
0.942097164 0.609613126
0.939343007 0.674196329
0.0561871343 0.309112185
0.919204515 0.207040624
0.793265781 0.919976618
0.213073062 0.0795665991
0.077546322 0.778642174
0.718409385 0.95607793
0.0415118777 0.704063008
0.962228414 0.240019108
0.75753782 0.963868646
0.243654079 0.0358891534
0.0375514278 0.744874294
0.0994742109 0.132793754
0.90019308 0.85746232
0.857578095 0.0996558283
0.1135752 0.89489549
0.15546111 0.900498796
0.194275956 0.913445735
0.850764208 0.897054661
0.896884196 0.149007848
0.148767725 0.105625016
0.880299441 0.0389961078
0.961003247 0.880297272
0.123584002 0.964320654
0.305531679 0.963255166
0.0495257599 0.166668323
0.919005127 0.790352225
0.790510919 0.0811301348
0.0879350534 0.195001864
0.969747748 0.812315791
0.812318664 0.030254337
0.0327042253 0.109623227
0.0994408702 0.0827216583
0.859342613 0.927479521
0.910796309 0.908909341
0.908918455 0.0891971404
0.927448189 0.140681387
0.124609567 0.0365198425
0.0849628458 0.923711046
0.965486227 0.15982812
0.840219992 0.965545195
0.964273718 0.765787139
0.765790136 0.0357498448
0.129589483 0.0679276682
0.0671765447 0.221519165
0.0245697319 0.216774792
0.231189234 0.966972654
0.179574883 0.949854734
0.0247128679 0.844741167
0.163857957 0.0234192024
0.0704531271 0.873543504
0.0621603111 0.840815566
0.879399332 0.975572732
0.975572118 0.120619768
0.169346785 0.0492447527
0.0180979005 0.916193047
0.0778983403 0.957705647
0.0592878005 0.0459678013
0.00791119301 0.352373837
0.0484349704 0.904450519
0.0925239232 0.0464161483
0.0632283459 0.0787587476
0.0397191018 0.946572395
0.0265468207 0.809883655
0.949364314 0.948490586
0.948491716 0.0506382496
0.912395254 0.983804081
0.983805136 0.0876087858
0.161586902 0.983794132
0.965557148 0.078919642
0.921086713 0.965555033
0.0183828717 0.895723369
0.982844396 0.93520283
0.93520299 0.0171559709
-0.204561202 0.377185545
0.0533460295 0.962359446
-0.127507386 0.393130589
-0.189230815 0.654861081
-0.0108861448 0.406073599
0.971309852 0.926665637
0.926666052 0.0286909788
0.42282876 0.419849687
0.336119428 0.694774653
0.647956335 0.290848142
0.709111512 0.650234482
0.628060768 0.821441504
0.576145993 0.540572384
0.539192238 0.427436713
0.32090999 0.564487565
0.416608237 0.532501416
0.772045257 0.303184983
0.276701391 0.435098818
0.302329819 0.234740388
0.509281783 0.920635975
0.683577301 0.429479347
0.713080381 0.538668297
0.434043698 0.30600597
0.53758801 0.286273998
0.452840798 0.710713921
0.577118015 0.680041595
0.0749884312 0.526441291
0.467771975 0.0700137549
0.929656886 0.467686439
0.213949624 0.690759923
0.272487942 0.831777066
0.64121744 0.184334774
0.812765321 0.642617464
0.259230363 0.340973816
0.209739072 0.563454415
0.184165287 0.340255572
0.186468222 0.46131078
0.516562044 0.191779278
0.804521989 0.512581805
0.931538751 0.549621102
0.548702315 0.0677413511
0.482448279 0.800823128
0.79470619 0.423776867
0.423504837 0.206336637
0.0675707604 0.418045491
0.834831075 0.769453181
0.771902151 0.164910969
0.387469432 0.830409242
0.58452689 0.941712034
0.311590286 0.0611114936
0.943346697 0.312565628
0.128731674 0.636660121
0.203837661 0.132188923
0.861735281 0.196428693
0.803195102 0.864281745
0.168334175 0.225353461
0.128367903 0.805122748
0.0564754158 0.647120057
0.107634803 0.280951224
0.693079952 0.903622876
0.890227105 0.70965839
0.709152365 0.110420801
0.128395236 0.747297922
0.410482324 0.90123721
0.750220649 0.780927906
0.65878278 0.951098637
0.18002559 0.830763133
0.384418649 0.0511573889
0.948901535 0.384256768
0.333209875 0.925242145
0.336399485 0.127864688
0.867633754 0.336816128
0.701715591 0.0393315032
0.960699064 0.701730469
0.413221997 0.964031355
0.037029557 0.283268416
0.637271565 0.0317866984
0.968240229 0.637366706
0.0321213338 0.330701089
0.872392408 0.82793051
0.828671138 0.127119615
0.643166994 0.0807680178
0.919745476 0.643220756
0.267824636 0.906199123
0.23450969 0.927072448
0.929296642 0.760166432
0.760212266 0.0709282816
0.116139225 0.154303095
0.812501904 0.0587324972
0.941279235 0.812470163
0.13941748 0.938948535
0.851259421 0.0668384777
0.933142943 0.851227263
0.0774057646 0.139859138
0.216383602 0.0345770853
0.966572351 0.214942554
0.784807103 0.967156194
0.977407363 0.259368885
0.735794511 0.970096389
0.26729874 0.0238343757
0.0223457963 0.153671538
0.132762865 0.907724343
0.0302450873 0.723884799
0.211075822 0.881546608
0.0278661707 0.189074975
0.0342787579 0.770352384
0.183032568 0.975845891
0.103689684 0.961272323
0.772281503 0.931727487
0.931171343 0.228232015
0.230456551 0.0697114695
0.177025942 0.904580438
0.114476628 0.869103649
0.0675225363 0.760690782
0.0633776678 0.183495202
0.863007496 0.0241995112
0.975799975 0.863006047
0.833461329 0.0229558519
0.977043892 0.833459254
0.31328243 0.982063858
0.289597115 0.979643748
0.935396204 0.186401865
0.813690743 0.935699683
0.190367997 0.0692822147
0.918602248 0.0676739617
0.932329749 0.918598025
0.0634115297 0.792298012
0.976186535 0.789472206
0.789474397 0.0238198805
0.0515700308 0.117870277
0.0254375822 0.873337548
0.11351278 0.980679609
0.189560921 0.930910681
0.112864571 0.0751959104
0.0954328715 0.111121478
0.130298603 0.116667259
0.0233813353 0.0869020118
0.955945963 0.114637231
0.885388414 0.955943359
0.145259642 0.0833092369
0.909100292 0.12986134
0.8700807 0.909128388
0.0637770499 0.922159578
0.944153776 0.89563835
0.895642754 0.055845568
0.850490564 0.945190629
0.94514825 0.149563152
0.0934205042 0.907358222
0.877452651 0.094003453
0.905924199 0.877413041
0.00756500579 0.604751272
0.981234513 0.141897272
0.858128162 0.98124576
0.137053099 0.0197234698
0.139251038 0.978479679
0.0919938083 0.884090094
0.0820521553 0.841788032
0.868542746 0.886019294
0.885970085 0.131177717
0.0837030759 0.21282167
0.98023499 0.888499051
0.888499471 0.0197651769
0.247753425 0.953786311
0.0461279888 0.215073699
0.751664254 0.0455298339
0.954523656 0.751663091
0.0500451255 0.88346387
0.906370677 0.950252171
0.950256684 0.093643466
0.132101377 0.0516162854
0.0450069562 0.0547699451
0.0959794728 0.066358349
0.0768434317 0.937288149
0.0173042827 0.824815053
0.147939357 0.0607720543
0.0317714159 0.90654351
0.764255808 0.0171432662
0.9828633 0.76425565
0.0755975504 0.039761607
0.0707256932 0.855299579
0.0165248805 0.230561776
0.106565247 0.0357524748
0.812093619 0.0153717132
0.984629112 0.81209304
0.237323182 0.985246415
0.0832141803 0.0807709811
0.0450171883 0.839277803
0.0435138003 0.813120536
0.0529272276 0.825490107
0.89337387 0.985750162
0.98575109 0.106632841
0.113674182 0.0191341917
0.97855893 0.175273272
0.824758085 0.978644382
0.179244861 0.0344372945
0.963627849 0.057514846
0.942487876 0.96362675
0.479129889 0.571059763
0.592392829 0.471624741
0.316115848 0.309918963
0.385273223 0.355884706
0.700887513 0.710403507
0.403813368 0.673797201
0.592941711 0.323909766
0.67963093 0.58971124
0.330555451 0.639836706
0.703716343 0.313492539
0.156673656 0.392458084
0.562367533 0.79158613
0.279955677 0.685895575
0.668084182 0.367832538
0.554611352 0.621231089
0.644544105 0.670096348
0.588165952 0.159892967
0.841323154 0.587741535
0.478786458 0.438860568
0.358908704 0.429989365
0.370714336 0.750315434
0.373480311 0.550446018
0.222952476 0.804276162
0.704307153 0.49097109
0.738788702 0.430702155
0.489275164 0.301564387
0.267149118 0.550798078
0.669448087 0.239308729
0.763382883 0.672474893
0.0709369246 0.470035181
0.287788345 0.494116696
0.186788057 0.516710006
0.456008956 0.931534738
0.426542691 0.252513326
0.116999651 0.494169119
0.510735125 0.701932811
0.0920098468 0.683051978
0.779491244 0.250808913
0.908006391 0.418313346
0.418372851 0.0918095423
0.207190841 0.737522043
0.249316957 0.218131847
0.484942885 0.148483281
0.851276668 0.48589494
0.320715552 0.850919514
0.582566916 0.896309827
0.389398441 0.140918687
0.229892262 0.444258191
0.858522077 0.388955803
0.275472603 0.389683072
0.66008328 0.859138165
0.856695605 0.243787049
0.764595297 0.850736341
0.147780595 0.600354023
0.0518811616 0.572096001
0.460462834 0.759936108
0.911984523 0.505823148
0.506267318 0.0864916001
0.762340028 0.534462416
0.534505159 0.237053269
0.430093236 0.828455588
0.503452704 0.851364699
0.221554094 0.309714353
0.900459662 0.307032628
0.303828272 0.102854674
0.237099202 0.153532371
0.545232017 0.945962378
0.066071092 0.368771366
0.163793807 0.166442608
0.812967195 0.164626311
0.836922218 0.809008911
0.649395178 0.773966498
0.0996596804 0.562847289
0.291915542 0.795846972
0.221423462 0.610078466
0.81333017 0.316806892
0.316539132 0.186676733
0.37994122 0.217242468
0.780399556 0.379046667
0.181481067 0.66724591
0.201952299 0.257030139
0.715937971 0.807886364
0.786589493 0.76291505
0.439039167 0.0420875477
0.489124885 0.0413854116
0.958403925 0.48911135
0.957859204 0.439023769
0.848472689 0.662439638
0.870996118 0.736109106
0.664945678 0.148798092
0.735608629 0.13388433
0.729199153 0.18367921
0.126219861 0.251698714
0.144889464 0.311556448
0.947400197 0.351461698
0.351831503 0.0530493988
0.264736334 0.870516542
0.341853055 0.962480849
0.620316714 0.964457371
0.67340167 0.107337382
0.892972343 0.673192373
0.576437889 0.0415467746
0.958329911 0.576770469
0.386551191 0.862715497
0.968207199 0.540292639
0.540123719 0.0315309292
0.92651224 0.704262061
0.704204832 0.073682662
0.798436899 0.118133457
0.882034728 0.797588393
0.657059784 0.912165393
0.0339889423 0.430509713
0.0972149498 0.312411316
0.898620514 0.179780185
0.820000312 0.899173469
0.291905685 0.926817324
0.97136215 0.671912972
0.671881845 0.0286475204
0.113472064 0.830510826
0.378739653 0.966375429
0.373233079 0.916674112
0.605657259 0.0961566349
0.905594293 0.606536294
0.070364682 0.282264368
0.27944346 0.0539582393
0.94435404 0.277487708
0.182861123 0.104862546
0.0253642436 0.629762448
0.307021761 0.0309312004
0.970478544 0.30851359
0.684237291 0.965856981
0.0951497269 0.750266766
0.143514966 0.776740142
0.68872125 0.933964352
0.160557415 0.80372777
0.0340488494 0.669681888
0.0994056797 0.805070697
0.164440444 0.863921015
0.739598753 0.953415502
0.0246597832 0.312929837
0.118037989 0.210805308
0.0505609713 0.725212679
0.38715639 0.0248187207
0.975225153 0.387111107
0.0212925633 0.127677108
0.634541705 0.0565387579
0.943677544 0.634706764
0.909029493 0.231711456
0.770455513 0.91116704
0.231548891 0.0914670022
0.207476658 0.973359308
0.135086589 0.886417426
0.869746919 0.0576435224
0.942348501 0.869735848
0.712752276 0.0209568549
0.979053341 0.71275744
0.943725782 0.208512189
0.791506045 0.944170366
0.212056811 0.0579876882
0.0185329359 0.707545344
0.0562097537 0.776030176
0.150215772 0.923289215
0.0193221512 0.273698519
0.0975881337 0.174887727
0.248796355 0.913348104
0.982096911 0.233831006
0.749106002 0.980656418
0.248325637 0.019208385
0.283781174 0.95835007
0.0176590948 0.754207437
0.917717491 0.108046558
0.891949723 0.917711636
0.823343847 0.0448364487
0.955164456 0.823332062
0.0586789438 0.152592609
0.0169323605 0.203056922
0.885113609 0.87201501
0.87207954 0.114640829
0.0478638904 0.0946738067
0.113450378 0.914898751
0.231708873 0.944189559
0.118715427 0.132295816
0.0937785427 0.152744481
0.94583592 0.765025758
0.765040756 0.0542410241
0.156920981 0.943796646
0.830373696 0.0665645964
0.933427525 0.830321332
0.894668735 0.83673132
0.83701567 0.105146611
0.0829409445 0.1218541
0.213020833 0.928787484
0.913584412 0.149637843
0.850322286 0.913676441
0.914848272 0.77135047
0.771529693 0.0854794089
0.0648774053 0.198760225
0.035480016 0.232869988
0.924400687 0.809417025
0.809522965 0.0756325638
0.212329464 0.904017615
0.192719722 0.893598268
0.413956573 0.983189027
0.637558945 0.0139307747
0.986062286 0.637602109
0.848386991 0.877493316
0.877174148 0.150940195
0.151575434 0.126763596
0.920443709 0.863858273
0.863900499 0.0795141308
0.0166350782 0.337950848
0.946773659 0.169212059
0.830854231 0.946896696
0.1206793 0.945235765
0.140178211 0.955897893
0.910496269 0.929446638
0.929452951 0.0895131755
0.933193997 0.777747676
0.777806388 0.0669244704
0.13272465 0.0972303115
0.899221321 0.0353424826
0.964658188 0.899220253
0.0967091145 0.939727438
0.0414623463 0.156232752
0.0497036739 0.182611961
0.0154590246 0.107674045
0.0758196847 0.180972675
0.93387871 0.0530349457
0.946968237 0.933877005
0.0170205477 0.174067904
0.955432399 0.802852357
0.802863743 0.0445791645
0.0143449963 0.772589006
0.911924595 0.892891812
0.892907052 0.0880528196
0.924999894 0.899883986
0.899891944 0.0749973044
0.0570917963 0.0623424438
0.0597146105 0.134214975
0.0507749554 0.933928931
0.0783482023 0.912827457
0.98615861 0.213617019
0.786548217 0.986489366
0.213007104 0.0146111604
0.871243054 0.942289171
0.942285303 0.128794111
0.0593315986 0.808840807
0.198592212 0.944331254
0.985106097 0.160378988
0.839647282 0.985130905
0.082427761 0.228166833
0.126586921 0.0839967174
0.179889721 0.918886212
0.0927684662 0.0947993941
0.443053192 0.627633322
0.636441394 0.559951932
0.566086491 0.370499803
0.570457413 0.738329142
0.450925588 0.367805168
0.399956291 0.469964082
0.313034458 0.743464707
0.597401154 0.267309009
0.732694974 0.596849798
0.527884769 0.548553131
0.630213879 0.439049281
0.408549735 0.716699889
0.494292396 0.391103799
0.472778787 0.198309218
0.799637253 0.466522685
0.543747535 0.475988613
0.389803607 0.311746984
0.632370124 0.336241584
0.108504425 0.405078545
0.591628918 0.85358199
0.506965793 0.607955741
0.52014946 0.816054766
0.28243404 0.271819643
0.66890133 0.738972517
0.408505862 0.571226552
0.470741196 0.529370121
0.228274673 0.65377728
0.68878079 0.195651442
0.803995591 0.678523547
0.656914354 0.629119921
0.704309746 0.270343782
0.48323636 0.96011162
0.819150858 0.264232567
0.769326195 0.210491439
0.185842623 0.712443966
0.301536703 0.531969907
0.32363227 0.452855918
0.266011346 0.183101061
0.248202847 0.720601987
0.889307299 0.468007366
0.0436293488 0.49459977
0.759795036 0.341769191
0.467988963 0.110016501
0.371408695 0.647822402
0.38150155 0.790313823
0.233474565 0.845770882
0.672848219 0.821289529
0.347379393 0.590909398
0.298787171 0.605354643
0.341786759 0.237105698
0.730284017 0.748718082
0.898945121 0.57201792
0.568367546 0.102750292
0.803473011 0.72465136
0.520219766 0.882115144
0.479364926 0.897547814
0.884703012 0.264023672
0.737783633 0.883960372
0.261082824 0.115090156
0.746316363 0.272825445
0.676828656 0.466204517
0.706903304 0.39406128
0.614881887 0.692935203
0.590456758 0.643062631
0.536869531 0.673976201
0.220613734 0.351632437
0.259002065 0.593897314
0.361180482 0.387996648
0.543560797 0.91279584
0.173385067 0.571767282
0.735444179 0.505792425
0.679059604 0.51617233
0.504446362 0.263205089
0.521033589 0.319079829
0.47599759 0.683770323
0.179457019 0.424072728
0.557238601 0.189638805
0.107628202 0.71606343
0.809106675 0.557630502
0.0906600504 0.646459139
0.30175914 0.344698493
0.247869175 0.412149267
0.161786322 0.488235924
0.829776305 0.410374145
0.411440466 0.169655431
0.462567975 0.271336953
0.737443079 0.699357647
0.257824783 0.470759545
0.291087652 0.652192293
0.0410720475 0.39070019
0.213098162 0.224567301
0.481449939 0.737076429
0.351371485 0.833122104
0.187851553 0.291716135
0.259207364 0.801856866
0.870492556 0.600004854
0.602806478 0.131604905
0.682177504 0.671982153
0.603191359 0.192819284
0.808479437 0.602582913
0.754847481 0.81595619
0.725718403 0.464317784
0.215350805 0.532144624
0.151590388 0.356185429
0.185428408 0.372251914
0.215882428 0.469859018
0.525963051 0.157972893
0.842628059 0.525368092
0.10805606 0.532711672
0.423330175 0.930137276
0.514866943 0.0526768437
0.94671657 0.515025919
0.49253636 0.772312138
0.442080369 0.794547713
0.469252667 0.834254795
0.767135339 0.442450756
0.911613164 0.733604221
0.733549994 0.0890423131
0.701491378 0.347371605
0.222612672 0.772143373
0.304517876 0.823833522
0.332001299 0.885175818
0.688393307 0.131774373
0.867890549 0.688495137
0.864355666 0.768162277
0.81141542 0.789966422
0.770338631 0.136129959
0.0767338909 0.339996045
0.0399336796 0.597525623
0.833888677 0.844727403
0.844105389 0.162661251
0.0295715161 0.549255816
0.111183219 0.599700546
0.749082443 0.409066693
0.423179647 0.868264415
0.687037448 0.874811383
0.334614531 0.0820046714
0.917773882 0.333192788
0.28486824 0.0849202643
0.145797217 0.833184412
0.972685685 0.604754731
0.604606633 0.027274064
0.717526355 0.919811862
0.626689331 0.93550788
0.060587401 0.451418598
0.735012151 0.15917659
0.143050405 0.668606784
0.0889307247 0.495608112
0.599382772 0.919943021
0.570236624 0.971430938
0.930406207 0.428717466
0.428740995 0.0694798871
0.791838078 0.884305038
0.882819911 0.207674223
0.0874192818 0.254636985
0.194147733 0.800482023
0.153020278 0.624800599
0.162574437 0.251473968
0.143732098 0.209099611
0.187547337 0.191764123
0.915130573 0.295034908
0.125072047 0.296195864
0.892734773 0.388581881
0.389122229 0.107060326
0.400771592 0.250056544
0.843868204 0.211375397
0.789532043 0.845434382
0.299510756 0.85310387
0.210913056 0.154939648
0.461210807 0.0243090225
0.975643907 0.461201634
0.158432483 0.750567629
0.348303212 0.0285977292
0.971842597 0.348362919
0.652481086 0.889246204
0.210519214 0.105960658
0.066726298 0.559642796
0.653033223 0.971447355
0.0624249342 0.677785262
0.840467391 0.317237165
0.415623185 0.0249015816
0.975094073 0.415606492
0.314962927 0.157245291
0.775120297 0.785570414
0.360403774 0.156998815
0.841750842 0.360216515
0.927272253 0.390850317
0.391096384 0.0727190111
0.170496529 0.135331226
0.385586875 0.901898835
0.112021232 0.77765752
0.808249775 0.139678698
0.860354393 0.806629498
0.434545069 0.976297184
0.36311331 0.940148609
0.319266228 0.908984303
0.323136361 0.947593607
0.287799647 0.031768487
0.970508922 0.291106344
0.141691638 0.162928282
0.183994734 0.850470351
0.980432801 0.511127381
0.511096943 0.0194436851
0.539243061 0.982349239
0.560802599 0.0221232456
0.97774497 0.560944613
0.692425003 0.0933109097
0.906976731 0.692516407
0.0229623157 0.451083731
0.0237590451 0.653156154
0.715165511 0.980282609
0.611294435 0.980175827
0.89006499 0.816883392
0.817374223 0.109863973
0.0880940487 0.295014345
0.264184588 0.0469247243
0.954654988 0.260032789
0.688012112 0.0211669863
0.97883865 0.68802503
0.360688759 0.97878079
0.0632767911 0.707799299
0.120644769 0.232152922
0.659013362 0.0434311855
0.956630159 0.659076836
0.335770676 0.981833188
0.180672732 0.0872457434
0.720797538 0.038970993
0.961067919 0.720806156
0.0948128597 0.823461344
0.277821359 0.89034827
0.834511447 0.906933665
0.879085044 0.850891354
0.851135308 0.1204562
0.282250616 0.940684558
0.899390826 0.783668869
0.784117596 0.100927683
0.906673135 0.165371705
0.66822069 0.0833403632
0.916951331 0.668193448
0.832407595 0.888749249
0.888222656 0.167130299
0.693629719 0.0574650806
0.942614997 0.693657301
0.914644004 0.183132843
0.81687072 0.915057921
0.036175163 0.266349588
0.980670333 0.657745802
0.657709669 0.0193329492
0.249856815 0.935430057
0.10355383 0.845351779
0.172063569 0.885857913
0.394269255 0.955521597
0.020064687 0.294381126
0.0542308373 0.29123479
0.628430794 0.0992646498
0.619934409 0.0777927365
0.922925327 0.620297138
0.901969782 0.62846088
0.0147279724 0.324888726
0.12822159 0.926633585
0.690968041 0.9823251
0.397060855 0.975569427
0.668422933 0.932799673
0.0415542447 0.316809715
0.256534004 0.891952852
0.0259563202 0.688103354
0.196553192 0.959256168
0.865358355 0.0417128567
0.958285255 0.865354649
0.696477657 0.95144179
0.166841285 0.91545001
0.0157868039 0.429575784
0.767173396 0.983047679
0.153533515 0.880518964
0.0828541654 0.760825269
0.105692078 0.19460477
0.796094462 0.0624007165
0.937644691 0.796048015
0.0991754397 0.207765263
0.754299328 0.942619303
0.0368184358 0.12320821
0.915453044 0.84386177
0.843961362 0.0844872067
0.1113775 0.117931084
0.1439255 0.795374853
0.0198121489 0.737106564
0.232648141 0.0173195286
0.772058127 0.94994419
0.949404492 0.22728513
0.22989978 0.0512603562
0.0689929103 0.123223496
0.876757769 0.926770012
0.926769261 0.12325823
0.941131878 0.751080808
0.75108773 0.0589927775
0.100196585 0.923092832
0.059370648 0.743729447
0.0347227111 0.170410117
0.735012275 0.986213259
0.310211707 0.0133342037
0.987287598 0.311221238
0.0509983182 0.759202013
0.0804283316 0.80301269
0.012477961 0.62138523
0.0539110587 0.232502851
0.228558284 0.913333041
0.0320176401 0.204487623
0.0625951037 0.171424129
0.220240435 0.985131884
0.585006354 0.422908812
0.446241333 0.493144778
0.34903381 0.33774099
0.603696739 0.769326791
0.550020126 0.58147076
0.612669932 0.503932526
0.376235455 0.504444401
0.456658423 0.406325365
0.625570507 0.229715868
0.776402872 0.627088815
0.644015831 0.402111771
0.668200389 0.328560313
0.324882677 0.411070815
0.323889507 0.269690851
0.544898864 0.514376135
0.460884362 0.331021968
0.339523476 0.532411054
0.254112344 0.302944679
0.434656249 0.663284448
0.65694568 0.707926325
0.547995837 0.708420339
0.668675456 0.554793714
0.554919085 0.334772329
0.628474362 0.86095742
0.56675808 0.258417214
0.740997238 0.56725986
0.447829599 0.562150252
0.478583179 0.620509793
0.510911183 0.462254908
0.37543615 0.695680925
0.43607814 0.737679949
0.641514858 0.468282434
0.40610467 0.334969399
0.416398567 0.382767847
0.403579684 0.637374434
0.241603154 0.379285619
0.149164452 0.453870194
0.500837631 0.217099993
0.779979484 0.499917876
0.529316542 0.373268531
0.29173119 0.726299248
0.418578221 0.599664899
0.621897611 0.158315741
0.843702352 0.622370844
0.409179033 0.280732736
0.267282839 0.514071671
0.614390215 0.662264671
0.388447531 0.413618441
0.312292061 0.675066064
0.604650062 0.355438541
0.575010773 0.290280364
0.61658033 0.293266003
0.25935219 0.660201558
0.647195428 0.592045114
0.699682951 0.615587114
0.707981447 0.574589854
0.734496595 0.327683839
0.341602953 0.662491276
0.821645242 0.442544783
0.448580085 0.174506956
0.0901112504 0.445215278
0.454244173 0.220810367
0.365543099 0.465909085
0.440860805 0.896623367
0.903071897 0.542589344
0.538917743 0.0974933064
0.846315198 0.556533566
0.571066983 0.129539903
0.509732977 0.42962512
0.925513044 0.580319329
0.579255386 0.0748224837
0.533539194 0.780628297
0.587340251 0.814427154
0.551251203 0.824012152
0.51179069 0.573871948
0.289690425 0.569108513
0.121396958 0.378948361
0.874455078 0.502642313
0.503790614 0.124540375
0.262962355 0.245044849
0.780450296 0.700529547
0.320282631 0.768070916
0.391485556 0.19474566
0.804324751 0.391137488
0.787883573 0.281712727
0.58189099 0.609114539
0.526436058 0.63938476
0.553391931 0.884905632
0.135115675 0.420447333
0.718971718 0.67994347
0.834552455 0.737114918
0.495581436 0.533187204
0.196800049 0.594160218
0.175133017 0.537614363
0.790212883 0.184658796
0.146424959 0.517946382
0.40654068 0.748732053
0.4191157 0.123291884
0.876104425 0.419052993
0.360079203 0.610096786
0.698548534 0.227065172
0.667229217 0.267356249
0.40067671 0.803696058
0.282177888 0.216854631
0.345558403 0.729424316
0.361545758 0.773254859
0.208566176 0.825536382
0.325294776 0.206615199
0.9016837 0.44171056
0.150449114 0.721583798
0.292747316 0.756498043
0.441651851 0.0979375378
0.113535663 0.681307849
0.788144089 0.320895171
0.597913403 0.723271608
0.205521349 0.433447857
0.108103112 0.474798532
0.673953003 0.647721694
0.723030601 0.283826025
0.89283561 0.33507451
0.23909889 0.179185065
0.334960117 0.11113088
0.508979356 0.957180643
0.708615124 0.442484794
0.106897585 0.624797238
0.134199287 0.571461952
0.670820489 0.181811678
0.732034878 0.839817609
0.791209483 0.359799701
0.360610817 0.20632249
0.364754011 0.124368096
0.231577186 0.568567698
0.874978269 0.363128985
0.194777794 0.77489637
0.0415377954 0.356805338
0.339026525 0.171084847
0.489928609 0.0700986702
0.929247575 0.489774869
0.383243361 0.575841016
0.827342199 0.339350517
0.0682975155 0.582494123
0.823462856 0.241051744
0.705742757 0.749389423
0.830216264 0.179264209
0.811584795 0.835624984
0.250911125 0.824126807
0.416637021 0.229884412
0.495548337 0.875560536
0.0460723276 0.467992486
0.550170873 0.215597196
0.784613575 0.549702246
0.475450545 0.921572273
0.647453269 0.828486653
0.685123675 0.840971647
0.887674467 0.228207056
0.767698782 0.888614937
0.672184244 0.501100723
0.712474031 0.512139986
0.511529598 0.28714145
0.770810214 0.418444896
0.323993637 0.591816223
0.130706408 0.273760946
0.205108256 0.627582262
0.0611435417 0.62476714
0.209150707 0.714379335
0.239926606 0.739334025
0.206422575 0.666282737
0.215754541 0.499949508
0.184672617 0.482322788
0.169151374 0.646413131
0.318788365 0.480169861
0.282025642 0.461421963
0.171886766 0.308127029
0.820616906 0.500001996
0.861545806 0.464078694
0.7891993 0.225886013
0.756841116 0.251285105
0.463140874 0.137468973
0.500437585 0.17763035
0.749687529 0.759731474
0.726936061 0.785360839
0.710628185 0.875125548
0.862704125 0.303834712
0.479776697 0.26444808
0.345489308 0.854925417
0.188153334 0.736083506
0.472255606 0.70482987
0.499106298 0.67711638
0.563763871 0.934528775
0.306297695 0.135617306
0.371152177 0.84560071
0.368811827 0.807129102
0.408188559 0.83501461
0.430416785 0.950643234
0.220826591 0.285974113
0.824607054 0.286102357
0.342375562 0.901281832
0.0426247021 0.533313197
0.228785002 0.1205359
0.22102609 0.244353111
0.791044531 0.444597397
0.405438608 0.0599177346
0.168029367 0.604601947
0.94006147 0.405350461
0.0816161609 0.398973457
0.023721134 0.587314847
0.823707952 0.662973533
0.462171236 0.975939667
0.0926169083 0.366799328
0.749083887 0.21930654
0.300237614 0.368187351
0.270425211 0.410716199
0.84267365 0.788700702
0.790764185 0.157495072
0.731525037 0.484942438
0.253462577 0.439880637
0.367565593 0.0380223761
0.0628553366 0.498579881
0.962166691 0.367445684
0.229955354 0.869585824
0.645060751 0.753320788
0.669603522 0.76514082
0.727335899 0.405754943
0.86114764 0.264134218
0.897927475 0.283706881
0.521419211 0.836375388
0.87156302 0.716758172
0.715117082 0.129277307
0.47297916 0.787972842
0.292150379 0.175113881
0.660140362 0.126602805
0.87396042 0.659212896
0.203803632 0.331999311
0.0552105603 0.329982692
0.284414766 0.105201199
0.485788415 0.820899564
0.498712767 0.789131924
0.734072794 0.91065508
0.848409056 0.826545703
0.828137908 0.149922926
0.287432796 0.629535854
0.5297977 0.928397316
0.192637698 0.225190598
0.310066594 0.870056398
0.580188906 0.19151171
0.809347537 0.579224197
0.740108703 0.724270893
0.208417509 0.373637728
0.186852446 0.16802269
0.462292526 0.0483779433
0.605693782 0.936432354
0.403543491 0.921128712
0.951487699 0.462259836
0.690764069 0.804264588
0.892739161 0.741845793
0.741891654 0.108813803
0.450745816 0.817885364
0.263071997 0.14291964
0.168374131 0.689968365
0.448021037 0.843223521
0.304318187 0.0831856846
0.247427044 0.612997209
0.889054523 0.590940729
0.535629254 0.1765975
0.676104981 0.894232911
0.234500353 0.466419406
0.587670241 0.979316129
0.142380415 0.235669578
0.33548375 0.822109471
0.378409354 0.241770221
0.756648707 0.375045331
0.188909843 0.402695593
0.931474638 0.369165238
0.369608037 0.0686441517
0.0709970613 0.659714811
0.978689664 0.58829698
0.588163754 0.0212469943
0.63283676 0.978473257
0.15244257 0.184430634
0.286872831 0.816089414
0.710167728 0.370219655
0.086208182 0.707442743
0.756739991 0.148929999
0.117282333 0.319008834
0.953948429 0.555296767
0.554901347 0.0457105232
0.180838564 0.269571185
0.2578503 0.847763755
0.812553831 0.702074738
0.105551759 0.247259828
0.748507667 0.457337372
0.272595404 0.609340765
0.866244785 0.170973563
0.827675241 0.867410363
0.482565594 0.755137374
0.706305926 0.179709931
0.752577668 0.173523506
0.812280005 0.769324776
0.784667637 0.738967912
0.022355403 0.409169813
0.0205163634 0.502517529
0.684746284 0.150470252
0.848587861 0.684168941
0.163989596 0.842009562
0.327046749 0.0433202975
0.958120597 0.32737838
0.524222181 0.906230272
0.770887913 0.829602998
0.16377421 0.333606277
0.202846302 0.206559066
0.0860317738 0.544900618
0.651622692 0.103043784
0.8977029 0.65134499
0.246967645 0.781872329
0.438149641 0.0182608497
0.488031308 0.0230492533
0.976856714 0.488032564
0.981724179 0.438143668
0.249569415 0.0977671229
0.167432508 0.115343246
0.164313325 0.37373695
0.921299434 0.314359856
0.922247739 0.274860332
0.636896636 0.954942737
0.110774432 0.737594994
0.307150594 0.838910327
0.0192560681 0.387593011
0.758981772 0.798441968
0.0713890391 0.241470591
0.101107458 0.508559365
0.742826525 0.07197406
0.92831969 0.742824752
0.409199747 0.942960189
0.954663362 0.296168741
0.29502118 0.0471300895
0.655868365 0.0649542411
0.935244635 0.655927045
0.1778435 0.811767043
0.361285992 0.95636594
0.880169957 0.77561818
0.776680454 0.120386997
0.690320546 0.115145774
0.885014523 0.69047092
0.647250967 0.934007035
0.0770849738 0.31656191
0.346509194 0.942545083
0.6806289 0.915835046
0.616853749 0.0388766956
0.961163345 0.617036461
0.156200533 0.147447911
0.311538911 0.927688546
0.559959499 0.984069762
0.127771074 0.84550136
0.402529615 0.87971374
0.380955341 0.880303507
0.793978883 0.799578404
0.885405582 0.613499985
0.613648091 0.116808238
0.402105245 0.0416466507
0.285552266 0.909177542
0.270284573 0.925748993
0.958360758 0.402048605
0.107113225 0.300778812
0.677627365 0.949816368
0.0873775981 0.273221546
0.159290661 0.785192413
0.144739073 0.814137969
0.639113352 0.901374228
0.0959233095 0.769001188
0.127960277 0.786512559
0.944419166 0.713351154
0.713328063 0.0556770178
0.681437037 0.0418161443
0.958216814 0.68146538
0.981580255 0.61781932
0.985098774 0.540830204
0.948697915 0.534655298
0.527809646 0.0202676927
0.534300173 0.0507191205
0.617738907 0.0184013771
0.88302726 0.186481454
0.813036041 0.884128137
0.910269682 0.714946544
0.714787431 0.0902010942
0.813073618 0.123670498
0.876264072 0.812207643
0.00756733394 0.639725613
0.0528437799 0.272819442
0.503745666 0.0377051907
0.165196865 0.0949538072
0.962024883 0.503782741
0.963492514 0.277264557
0.278691591 0.0406594791
0.268858662 0.0689050263
0.670373173 0.980560838
0.0540001996 0.432951941
0.0251641891 0.609589932
0.247599867 0.0586704853
0.942897195 0.244528284
0.039052412 0.301275823
0.291194373 0.0166049015
0.323888624 0.967490485
0.984592793 0.294202844
0.979214757 0.279388906
0.899815135 0.19648473
0.803305524 0.900652248
0.327916398 0.0193150048
0.981307935 0.328406362
0.199472215 0.113497803
0.198897108 0.0936997882
0.112847779 0.81410227
0.732119675 0.934368307
0.299661604 0.944122477
0.982683004 0.673178151
0.673158773 0.0173161449
0.926497652 0.686614134
0.701039308 0.967209347
0.686581127 0.0736625462
0.37429227 0.930890796
0.127818692 0.767481447
0.0692972568 0.298825525
0.909027556 0.398890716
0.399143815 0.0908644533
0.803888215 0.0958189313
0.90426699 0.803564615
0.158990677 0.767055611
0.708875497 0.935653552
0.0414166267 0.654637846
0.0453528855 0.682972965
0.0166993507 0.67365472
0.382285855 0.984170849
0.0134441899 0.547557989
0.162002626 0.822762884
0.0136963562 0.724224009
0.0780228398 0.745465863
0.215522471 0.0956276213
0.598721982 0.573308407
0.35084044 0.301426796
0.439811924 0.448498007
0.425507726 0.696258814
0.577029733 0.501926411
0.562810061 0.447501006
0.455124192 0.592708183
0.633884316 0.264127857
0.635757 0.530625405
0.734092751 0.631393437
0.39808887 0.44142119
0.636961277 0.370906437
0.479029255 0.476567418
0.284476653 0.315749162
0.558028809 0.404708727
0.566991341 0.765581988
0.865892087 0.57500752
0.648191355 0.213236249
0.246427873 0.691413542
0.788216309 0.650430393
0.678907893 0.298746696
0.305563044 0.710116377
0.474686715 0.373830516
0.413771393 0.500486735
0.551419013 0.151990633
0.586613773 0.380570509
0.466021326 0.650997141
0.550585187 0.741482754
0.56822703 0.703881425
0.535781559 0.351271351
0.557207608 0.643378421
0.394372699 0.538731988
0.340123066 0.562270493
0.321170962 0.503328006
0.368862964 0.724366574
0.372953421 0.670519745
0.438163817 0.332047349
0.595392798 0.247547232
0.571060885 0.8646265
0.75141498 0.595776916
0.52657137 0.592019881
0.63848222 0.318043175
0.462211126 0.306895782
0.499176687 0.324670198
0.649964782 0.44390934
0.363604218 0.359224288
0.235782358 0.532400912
0.550584802 0.53836135
0.571335664 0.349616427
0.325099179 0.345685343
0.666785264 0.39171427
0.521455302 0.396209309
0.652783277 0.806939072
0.290113018 0.401350878
0.626137468 0.792707347
0.525431811 0.442731982
0.606530964 0.410516651
0.613696338 0.457511255
0.127402388 0.4800857
0.397365091 0.385230959
0.427784585 0.278480459
0.450276461 0.240945157
0.633914877 0.633899811
0.512931675 0.727200163
0.518354026 0.517855378
0.829841485 0.378378411
0.378662044 0.169287487
0.542734004 0.311602075
0.481260341 0.0890450167
0.910217921 0.480979043
0.604559852 0.892245315
0.342622801 0.75387898
0.208661682 0.856388306
0.468544687 0.163678271
0.417555078 0.361390285
0.690488441 0.546335934
0.70060715 0.468482249
0.22815989 0.205081417
0.372753695 0.485242756
0.837899486 0.471820691
0.62804083 0.840755326
0.630356682 0.491685688
0.1925227 0.645862865
0.278380714 0.355936985
0.652568891 0.571520007
0.279419089 0.745395397
0.296694112 0.428376064
0.748820186 0.311181266
0.778522546 0.47814318
0.481687778 0.214254636
0.439384408 0.389144753
0.71118936 0.200334902
0.622075632 0.755327148
0.67865873 0.6239409
0.522092199 0.480261605
0.697377143 0.824516516
0.480668785 0.413983051
0.2887544 0.551914064
0.595602481 0.792190164
0.494701515 0.197988334
0.257373356 0.494733692
0.79920653 0.492149754
0.343577272 0.259952828
0.481961618 0.548587349
0.323910481 0.657923387
0.454088958 0.74109038
0.439371962 0.772018825
0.677037742 0.718404325
0.243561876 0.321694609
0.486547675 0.603963679
0.207120154 0.454701627
0.409867493 0.308557857
0.387219794 0.335191392
0.738512685 0.677773832
0.335693679 0.390400351
0.740898961 0.857107073
0.739061172 0.543956999
0.784337174 0.521190269
0.461534288 0.952381208
0.543449686 0.260367985
0.522504949 0.214704119
0.44935225 0.200310846
0.569212765 0.828076042
0.0204621646 0.527806372
0.439624892 0.539031991
0.484545712 0.516756985
0.304550853 0.286344315
0.258363607 0.279799291
0.282697993 0.247662133
0.427730002 0.642665308
0.784511226 0.607738006
0.607277021 0.217048287
0.192749448 0.688009217
0.130208182 0.72329956
0.224832534 0.41814532
0.21431866 0.58605426
0.794533964 0.29919679
0.588218955 0.115497251
0.802860808 0.246127826
0.8303697 0.543346534
0.153562897 0.432983426
0.0221466005 0.478078772
0.478577846 0.85550425
0.769854987 0.282279438
0.927622722 0.525656229
0.303469588 0.210171739
0.857700857 0.640242274
0.526947776 0.858224743
0.642123849 0.146911088
0.72392111 0.264263431
0.525062622 0.0710325318
0.520942985 0.110146146
0.887634876 0.517043735
0.609606376 0.337673802
0.11928171 0.554344398
0.802554427 0.340156799
0.579614803 0.918565826
0.557600613 0.239735331
0.76004342 0.55774747
0.194048549 0.533025466
0.434078807 0.117253858
0.34110689 0.194989038
0.518819933 0.137183107
0.882089607 0.434213705
0.874362434 0.283413367
0.86232232 0.518038459
0.648666951 0.728954489
0.854053206 0.411258146
0.0913976263 0.424251325
0.115792519 0.426380502
0.596514279 0.662956495
0.411705674 0.145150404
0.53107244 0.618120124
0.497762498 0.629693155
0.153503509 0.570030718
0.355580861 0.514392317
0.342566468 0.470750993
0.541864476 0.803186834
0.864347814 0.223632222
0.779052729 0.867124506
0.136663254 0.337388693
0.420079112 0.796136085
0.630173243 0.713429974
0.195676647 0.310499692
0.562932219 0.602346491
0.503287686 0.899575642
0.851014507 0.751911791
0.498627358 0.975951115
0.27364153 0.783184034
0.315028719 0.791803559
0.684537537 0.256017869
0.103255283 0.663939206
0.706143671 0.416847446
0.195971804 0.354330956
0.512958431 0.772850669
0.129571086 0.612684915
0.33650821 0.430637146
0.226887202 0.727695757
0.805431565 0.747337548
0.0482250203 0.553430462
0.242852854 0.635551215
0.401613897 0.590968769
0.244143239 0.240133321
0.760788789 0.707592469
0.570411973 0.31278954
0.323001222 0.247650616
0.176427646 0.755680843
0.690457857 0.327009792
0.688165391 0.569071249
0.765718545 0.767827191
0.320590224 0.542034257
0.664063141 0.605917706
0.321394118 0.618991574
0.782675381 0.683663673
0.493703997 0.936194435
0.681675713 0.219549623
0.101214142 0.383145349
0.423683551 0.754916202
0.131988926 0.398769526
0.654884966 0.168708924
0.594882069 0.300476864
0.14263981 0.290481414
0.711242721 0.595005908
0.396952748 0.773687385
0.772564637 0.186586509
0.765250564 0.23242472
0.238514657 0.293188046
0.625351606 0.6745496
0.348830215 0.645557632
0.380992502 0.625940234
0.889582399 0.553322318
0.911052815 0.556495289
0.840594433 0.253405142
0.556669395 0.1180545
0.554543064 0.0879734408
0.585089474 0.0919006214
0.766536811 0.324581021
0.748514959 0.35602715
0.682031228 0.78506957
0.734655366 0.768371337
0.124225057 0.514114494
0.168017054 0.200631243
0.0564759397 0.602156205
0.288681878 0.511598032
0.660795519 0.683767104
0.715337767 0.729566609
0.40035723 0.210660534
0.273375102 0.162581344
0.266438687 0.205570307
0.168350148 0.520528282
0.244531391 0.358952133
0.909610773 0.586839695
0.0463202429 0.413713537
0.380487797 0.768910919
0.384508148 0.812508793
0.370253434 0.411639782
0.788142759 0.400356452
0.799805076 0.376769014
0.366017908 0.589634998
0.904986476 0.261096156
0.789497416 0.201154701
0.377243643 0.198655924
0.740317068 0.801713982
0.122454668 0.70026908
0.143500508 0.257648204
0.188112797 0.554641456
0.687672737 0.172006852
0.85002874 0.724180754
0.718046862 0.14821552
0.309299125 0.640114129
0.533056306 0.694984246
0.518859662 0.659995734
0.199754277 0.609694131
0.302382694 0.579799589
0.284969616 0.197041294
0.0630741061 0.38445994
0.457906555 0.908458102
0.458243482 0.8865754
0.760274648 0.509577869
0.50926444 0.238076471
0.959031839 0.597607947
0.597339236 0.0409669345
0.871279032 0.485555707
0.485573718 0.127997753
0.647021099 0.869639908
0.171110825 0.40410657
0.223084662 0.135207292
0.595026052 0.624860321
0.225592643 0.821903049
0.664050473 0.482636368
0.827231895 0.684084262
0.722416917 0.711936197
0.573227687 0.172749166
0.174080569 0.355240169
0.289039946 0.871386253
0.83023429 0.569404431
0.601529549 0.958967324
0.752390921 0.903335502
0.256837461 0.572120223
0.170585529 0.288095177
0.769358486 0.358831274
0.437731646 0.222540568
0.424081341 0.887622503
0.224617273 0.383346222
0.692894575 0.655161626
0.166336305 0.468042854
0.281773762 0.127306286
0.365586534 0.0182487888
0.981870589 0.365570953
0.689329303 0.362786311
0.29430275 0.671465769
0.272467223 0.647054395
0.0900782704 0.463085087
0.807764655 0.18793289
0.700790327 0.687198876
0.45668457 0.691785163
0.401570577 0.612598823
0.814548983 0.810981052
0.616107626 0.920303771
0.691155845 0.505063194
0.720074128 0.494802566
0.663073065 0.517504735
0.748914783 0.490208726
0.490941737 0.248607539
0.491602732 0.280248423
0.392545271 0.271939474
0.0275089993 0.368608778
0.0923092419 0.585802863
0.0915755298 0.730560437
0.255480412 0.393669729
0.219667149 0.265942948
0.332647531 0.0652932406
0.93551286 0.331266543
0.146527287 0.650725664
0.0834915472 0.624715486
0.111008079 0.646505607
0.290676557 0.0664748362
0.842295629 0.193751484
0.664616475 0.843093005
0.805145253 0.849372454
0.188562888 0.144758496
0.805891598 0.282443697
0.666535819 0.874241988
0.816543639 0.425357317
0.428734766 0.183731653
0.0729588143 0.690660808
0.751777897 0.426422984
0.360262871 0.227492386
0.726676028 0.348800091
0.142368181 0.376695249
0.437710759 0.917012124
0.399280247 0.81945491
0.875851475 0.75616596
0.559744453 0.277236011
0.757449296 0.125516408
0.0170485943 0.565801551
0.0596309964 0.484134891
0.418135151 0.0475976458
0.952373924 0.418105184
0.721973908 0.56034855
0.501426826 0.80852365
0.622877064 0.179503765
0.826230296 0.796204296
0.821509105 0.623574287
0.212078215 0.792469009
0.824166079 0.588790782
0.826208026 0.721268258
0.924883744 0.348690267
0.349551635 0.0753504401
0.808001974 0.450444621
0.303968603 0.4638399
0.263758271 0.452324035
0.323351679 0.0959042379
0.874912015 0.245086353
0.903038927 0.326271441
0.369309426 0.823810057
0.33451667 0.838408248
0.749659625 0.835847391
0.125632223 0.661313219
0.480406923 0.0537384685
0.945982913 0.480352418
0.781379181 0.718363832
0.10870389 0.363825442
0.392056054 0.846046004
0.0587544395 0.352746997
0.202758329 0.277705748
0.489795584 0.697407367
0.246482347 0.862350562
0.323206901 0.894044065
0.183912537 0.210022187
0.208839368 0.757294281
0.912137572 0.752285692
0.752379997 0.088460425
0.143828485 0.758104164
0.568740777 0.060621907
0.939185728 0.569426501
0.851818122 0.603628295
0.604304009 0.149308429
0.0961413385 0.330432784
0.269033712 0.815222425
0.239013496 0.804276805
0.248021565 0.454696881
0.73222991 0.443214261
0.500634277 0.758317228
0.747543493 0.439809611
0.766581477 0.462466478
0.780877076 0.432298152
0.892107859 0.408076286
0.408251038 0.107620038
0.863490643 0.784818192
0.786448272 0.136795812
0.77437795 0.808386202
0.893460392 0.366274769
0.797145479 0.173709704
0.924532355 0.598797791
0.36762896 0.106359025
0.279133269 0.851730641
0.202706361 0.239267429
0.700222385 0.918187644
0.20190927 0.41507046
0.197584529 0.725201919
0.365790606 0.868420139
0.114182271 0.263536269
0.379817095 0.0887959228
0.911163184 0.379245872
0.069803681 0.262610398
0.330850595 0.677540912
0.225094222 0.483725448
0.200094819 0.470626924
0.318025119 0.118694973
0.881695834 0.322455069
0.566313149 0.95359374
0.163400066 0.711609765
0.858410823 0.703071101
0.842274255 0.505444547
0.853789007 0.539657183
0.504928066 0.156900577
0.516745041 0.172202073
0.701666103 0.140782331
0.228688863 0.791124793
0.224748939 0.16756763
0.26634863 0.0919395236
0.724272416 0.38612683
0.0732526307 0.437514744
0.185499911 0.12444001
0.882526855 0.346039578
0.350634352 0.116934411
0.420353628 0.914460764
0.338484738 0.780821277
0.569570574 0.206217765
0.793913996 0.569337408
0.724051404 0.0721487994
0.928119092 0.724097655
0.859873881 0.152199913
0.846385328 0.860185782
0.242227369 0.129738626
0.548161384 0.928190793
0.712675528 0.900151385
0.829108501 0.825331217
0.828852625 0.164147967
0.484501582 0.784774568
0.194663634 0.819592201
0.242476927 0.757740394
0.0516826941 0.665340729
0.131273355 0.221950315
0.368310946 0.0526513978
0.947525176 0.36805441
0.111656239 0.758225194
0.352780394 0.81398308
0.223548294 0.107312633
0.346190096 0.0963689664
0.79458967 0.708071046
0.425949966 0.84860746
0.0898016777 0.524138306
0.903956634 0.345349802
0.884718138 0.725917787
0.725346847 0.117057377
0.540368464 0.893633988
0.328935763 0.870221915
0.34641726 0.878155647
0.897940538 0.725222563
0.29812539 0.120363254
0.72497657 0.103048125
0.0433642071 0.446760613
0.979582497 0.527875531
0.525672351 0.946606182
0.449468437 0.0615774061
0.938280476 0.449439884
0.35638363 0.794777238
0.258458335 0.425141151
0.0963295749 0.788305178
0.779625673 0.34107312
0.964250235 0.522118423
0.522000285 0.0354378562
0.470306842 0.814699511
0.463025936 0.799522436
0.166964231 0.732493883
0.84621359 0.141243064
0.857464631 0.845920839
0.850184551 0.338498698
0.279397413 0.584996645
0.540763774 0.0147960942
0.634821859 0.91782466
0.668863636 0.963747301
0.686179181 0.750693368
0.112752145 0.796189168
0.337955554 0.147653179
0.696665666 0.857237681
0.695868081 0.88961122
0.552038327 0.966809594
0.307262817 0.756117705
0.534946622 0.823941636
0.825716262 0.220969611
0.364386637 0.906400576
0.356686573 0.923278159
0.93354513 0.295090915
0.239549514 0.110413356
0.0575085488 0.516356256
0.795888152 0.781407679
0.302273451 0.913077707
0.179660114 0.589489968
0.675152072 0.136086508
0.385410075 0.921335487
0.377006011 0.947644994
0.0416338467 0.616899848
0.863235037 0.674328868
0.322799459 0.13737673
0.775088056 0.14889951
0.342063319 0.216282902
0.0749718638 0.489566978
0.100857962 0.490789287
0.0786204633 0.508423856
0.193960787 0.38693205
0.291514307 0.835849896
0.874708359 0.701689413
0.700937035 0.125409686
0.475439524 0.773539524
0.71824579 0.166200487
0.573233742 0.98371177
0.785214389 0.900966291
0.899800848 0.214313974
0.860592801 0.323877939
0.149999845 0.681872015
0.747638519 0.236618693
0.742570361 0.474405032
0.874892928 0.399309162
0.764542984 0.39530092
0.742662449 0.390253806
0.176493109 0.792068675
0.320086153 0.831184304
0.677496455 0.12326635
0.399665882 0.124687366
0.876728819 0.677169058
0.0939489346 0.60777707
0.13029586 0.590715714
0.922951081 0.40838522
0.159748642 0.667369724
0.40849733 0.076978699
0.704318064 0.786171454
0.128714523 0.823847317
0.937320798 0.261406444
0.0782325307 0.359341237
0.497431222 0.05384078
0.945715842 0.497418053
0.0405770566 0.582375903
0.148409236 0.85018788
0.841923534 0.294854629
0.406508841 0.856669188
0.18484276 0.244751485
0.0769821166 0.675332755
0.922089413 0.449779292
0.449796412 0.0776748015
0.195846205 0.500466504
0.750228515 0.742626131
0.0894327069 0.239407162
0.983203216 0.602752885
0.602662942 0.0167525863
0.310148873 0.0455348133
0.956689893 0.311149826
0.29440772 0.0940059755
0.0415848232 0.637736483
0.10050001 0.263917094
0.618381528 0.949992073
0.601263721 0.547168469
0.615435228 0.587230917
0.434503193 0.512758309
0.466867102 0.35254295
0.420662476 0.465316816
0.403780182 0.694834038
0.561319898 0.476965386
0.495937788 0.367656463
0.744406271 0.652580041
0.629204265 0.204436444
0.798063366 0.626509509
0.37407183 0.29167731
0.464398851 0.460255903
0.604983428 0.742994861
0.242634073 0.671077055
0.43232234 0.581495221
0.588012966 0.400499936
0.586879356 0.447577122
0.559756986 0.424611933
0.530032886 0.569401701
0.654724364 0.34687837
0.647277086 0.232108751
0.615800308 0.252161472
0.54742373 0.387758857
0.743257908 0.613216804
0.331146583 0.325025047
0.366610143 0.319379833
0.606397075 0.831862913
0.430821611 0.715985382
0.553245393 0.687911122
0.654295836 0.536117243
0.633274652 0.283137839
0.35910299 0.53463415
0.393763196 0.49006541
0.587745007 0.876494206
0.444132908 0.426025872
0.273372062 0.231874855
0.612038813 0.481797817
0.591872182 0.518723671
0.563589122 0.560647867
0.278187881 0.297351463
0.619705691 0.368199064
0.425476048 0.556204181
0.64642482 0.424786233
0.224120663 0.548925979
0.834634376 0.642408603
0.700998837 0.2946272
0.592160532 0.702264608
0.26279115 0.701740137
0.710076399 0.244495189
0.506420196 0.552023161
0.331339482 0.290156911
0.650207798 0.650395261
0.393532954 0.557405668
0.641148674 0.611914614
0.381614921 0.431799913
0.170773541 0.447479097
0.391716716 0.658435926
0.801788025 0.657106356
0.612889679 0.806466803
0.278392292 0.532068759
0.303187235 0.259552703
0.665075945 0.202563504
0.345299342 0.372694963
0.349219 0.449368203
0.548895611 0.764587417
0.393257241 0.735046116
0.716023946 0.767484936
0.422184205 0.621000061
0.53653801 0.197687482
0.678780658 0.346763579
0.623173517 0.400798567
0.299207091 0.323252879
0.281644084 0.333204568
0.385874509 0.454656515
0.546568199 0.367442544
0.299057106 0.742863105
0.535310749 0.496356086
0.56636059 0.518141994
0.356977152 0.570702705
0.262678508 0.372761975
0.339280435 0.607397344
0.576874321 0.583379508
0.806248213 0.5342463
0.352202894 0.681300746
0.687704085 0.450607656
0.470719973 0.604145571
0.543988605 0.45556872
0.638802642 0.690516204
0.610696322 0.64236849
0.51718299 0.979820993
0.299373841 0.690458404
0.657530572 0.308347347
0.574767529 0.630325239
0.564944277 0.809854813
0.23204766 0.705170975
0.726109447 0.579609185
0.416463902 0.734868645
0.18985224 0.444252712
0.238499097 0.590511225
0.578599424 0.272379441
0.679813518 0.6966553
0.560841678 0.901110162
0.60512401 0.169519797
0.664954394 0.413965642
0.439415267 0.683009888
0.132772496 0.439645508
0.840614217 0.274557662
0.449632416 0.154732842
0.225555089 0.331308379
0.840211807 0.451041277
0.347894661 0.410300433
0.448737187 0.647901652
0.420212867 0.678327276
0.350964152 0.706706615
0.3102702 0.391235878
0.404915733 0.403366323
0.598015368 0.0761880644
0.175962993 0.502341023
0.140086637 0.496398231
0.47297117 0.394460061
0.534203345 0.331019708
0.650369498 0.553468032
0.755261949 0.292571785
0.479724691 0.662487126
0.560009986 0.723066727
0.255814444 0.164298432
0.461641363 0.0890221541
0.729154115 0.524913322
0.52413651 0.270127792
0.448854484 0.318971257
0.517077025 0.338769022
0.478534347 0.3205415
0.509055813 0.306830249
0.910556774 0.461589245
0.714149968 0.632462641
0.683083587 0.606879862
0.501358896 0.443759563
0.649338233 0.38036023
0.837335108 0.429706317
0.431158773 0.160827232
0.684878609 0.485581361
0.146330486 0.738941368
0.753675683 0.689577587
0.154532665 0.412179288
0.211244303 0.64507301
0.23427246 0.397263011
0.337870301 0.576013031
0.866047855 0.557966465
0.466148681 0.560371835
0.52999844 0.715457235
0.376171678 0.347480931
0.530703329 0.527126927
0.628915325 0.883857617
0.864912955 0.619255951
0.620198789 0.137338497
0.231157705 0.226481916
0.462529211 0.257326767
0.446751695 0.264383561
0.472761989 0.284972633
0.488851755 0.460729705
0.276477095 0.665989828
0.750538804 0.197159877
0.725058942 0.426114329
0.539706852 0.653030242
0.524366865 0.302105169
0.0724997884 0.640512278
0.692393093 0.7328808
0.632116416 0.511933321
0.766476006 0.265219186
0.713382179 0.328650478
0.458874057 0.386422279
0.766856051 0.750346663
0.276063466 0.483294431
0.545153328 0.603065245
0.851396684 0.572324877
0.693601767 0.525104301
0.299682667 0.445276139
0.575420878 0.65432732
0.609800267 0.67517865
0.327752288 0.714475978
0.257360266 0.741565774
0.894871158 0.246321984
0.16461627 0.553934928
0.303141736 0.496938771
0.879221849 0.449005734
0.5316736 0.73506062
0.38186053 0.375474437
0.448700649 0.12000898
0.296519039 0.30646565
0.529179611 0.463361111
0.498906533 0.482623586
0.3129273 0.35689312
0.735969493 0.249921182
0.480525668 0.495107298
0.462672326 0.63384567
0.480644702 0.641668497
0.72339281 0.307553513
0.490336295 0.719375193
0.46704655 0.726111772
0.716834707 0.831390607
0.28779008 0.417808761
0.831773682 0.604817932
0.451017224 0.285360243
0.750728351 0.32920106
0.839989218 0.393704803
0.394140876 0.159399091
0.424095623 0.4007481
0.400149259 0.368396397
0.431773454 0.37100909
0.195047288 0.752450056
0.380967637 0.184818432
0.0768594659 0.45343373
0.481447671 0.181161114
0.814174917 0.3806443
0.568616585 0.151081954
0.818821654 0.480092159
0.716440906 0.480560702
0.335725176 0.51332266
0.718158961 0.69618409
0.157067243 0.29489015
0.432725154 0.236550874
0.161164013 0.586527755
0.320890659 0.522641386
0.356611314 0.482364945
0.587271568 0.139443559
0.47396041 0.940392979
0.734927356 0.822066249
0.27637694 0.565748646
0.223838676 0.63233134
0.297313265 0.773695865
0.511340519 0.866836296
0.696114055 0.585466919
0.554627882 0.16698463
0.419644517 0.342708733
0.93221289 0.506694165
0.487526774 0.231871262
0.50875805 0.205431634
0.765234194 0.490787398
0.792057145 0.506652384
0.813074884 0.297503739
0.554107672 0.137017884
0.506688329 0.066911653
0.541381874 0.874642661
0.617102419 0.315965823
0.686021155 0.404509739
0.704355823 0.557824798
0.569675916 0.392132915
0.557058373 0.295623044
0.645874054 0.85035404
0.636607625 0.457432176
0.64513708 0.479783135
0.654714058 0.463548902
0.442810606 0.753089257
0.795885083 0.26573151
0.19839784 0.836886159
0.205631868 0.516383673
0.225844747 0.515685033
0.473725144 0.875834751
0.438284717 0.60613665
0.318704324 0.693757028
0.614149028 0.725541425
0.556551623 0.838896155
0.824453684 0.520258541
0.538325858 0.145069638
0.757913074 0.869489631
0.402046106 0.425186254
0.424260663 0.107654058
0.243030644 0.427908573
0.6029479 0.28370991
0.891977095 0.424268785
0.205670451 0.295263325
0.402673415 0.349724102
0.402329872 0.322945587
0.418408613 0.324502137
0.0889701768 0.48066504
0.214962404 0.119265368
0.0282122565 0.348395304
0.25684944 0.645043202
0.129002767 0.359531838
0.154969475 0.536379883
0.677102975 0.314480847
0.809158779 0.407582235
0.408336644 0.190577017
0.357410311 0.661487849
0.126479129 0.460205221
0.492106833 0.915151251
0.687901732 0.381791823
0.494963958 0.586102355
0.890788087 0.493292395
0.809882865 0.229026343
0.670231706 0.574453817
0.227918932 0.369446847
0.104394299 0.697546834
0.880388719 0.572372792
0.70456945 0.66785028
0.858927647 0.587322172
0.503309646 0.828629708
0.447085961 0.960247242
0.518123995 0.79515617
0.582103317 0.960994692
0.513392819 0.937884979
0.785157326 0.665032095
0.464125782 0.183616952
0.514887579 0.627497519
0.41130653 0.266795368
0.662332821 0.664919103
0.519758061 0.68168627
0.575868795 0.332892335
0.726761732 0.867239512
0.494258939 0.108104264
0.27549913 0.499462575
0.246536672 0.51460623
0.66413168 0.28644832
0.671959119 0.80087027
0.587368646 0.210220898
0.242173748 0.482819909
0.570727237 0.84609285
0.790442648 0.587270361
0.0627474882 0.538881092
0.323031401 0.225344936
0.360574735 0.496053949
0.132629943 0.534794756
0.636597302 0.167538019
0.319421884 0.882373599
0.633666433 0.80551596
0.662610875 0.586834107
0.73074172 0.208653147
0.392416168 0.75653339
0.193672674 0.576503074
0.826227058 0.751893238
0.514785986 0.50113324
0.304247838 0.623429693
0.173266427 0.152562416
0.770466092 0.592067933
0.590135478 0.343520705
0.591236024 0.229538808
0.48800945 0.838173815
0.463285729 0.849242887
0.628843101 0.774516141
0.694704679 0.637604738
0.4317582 0.810509308
0.429775946 0.784651215
0.276043549 0.802401356
0.103915923 0.438794964
0.395198124 0.229997704
0.483804013 0.982425458
0.224656957 0.748727321
0.10325808 0.548582983
0.661316522 0.786968279
0.105877879 0.454336689
0.465342944 0.212314197
0.468729509 0.227633185
0.834214987 0.488739735
0.676634356 0.858270442
0.383913279 0.396208346
0.221919134 0.458833934
0.529658604 0.763917101
0.549618835 0.783463256
0.145215457 0.474548251
0.492615467 0.615607982
0.488054457 0.165593773
0.334320166 0.55021982
0.239383062 0.30693587
0.185184455 0.604092128
0.183767437 0.325104236
0.826358809 0.200760275
0.0570420834 0.69267238
0.4158807 0.293349392
0.358621162 0.246097059
0.523458252 0.419963666
0.326827821 0.737099308
0.356814678 0.739583023
0.303317737 0.808115358
0.318929695 0.81327106
0.0369516013 0.514843502
0.83705592 0.673450421
0.672610173 0.164366383
0.541909562 0.635137074
0.43884011 0.935020378
0.64988022 0.27437559
0.510177968 0.590041529
0.503985367 0.413251003
0.494833596 0.427996494
0.306637103 0.550700314
0.250762405 0.259279806
0.267465669 0.260657288
0.415133785 0.815550089
0.851272914 0.772550151
0.133367232 0.682371725
0.531351229 0.963188243
0.440487377 0.877157903
0.668544433 0.254215018
0.683349623 0.278915173
0.246284659 0.877613946
0.0432566089 0.34376397
0.913907539 0.572252644
0.82549512 0.78266972
0.571148336 0.116396227
0.924266765 0.565616765
0.483156237 0.531947722
0.50387565 0.517308195
0.513780579 0.532640456
0.570417691 0.0865033806
0.564407959 0.0754705863
0.540362396 0.839688334
0.497583891 0.74118111
0.171801094 0.18241042
0.176598253 0.388798085
0.597365365 0.610830213
0.209601675 0.810894193
0.892377736 0.535422298
0.906421476 0.527739345
0.541230298 0.159744054
0.552005321 0.103429561
0.525956206 0.0896150711
0.541382239 0.111094463
0.380340507 0.123792052
0.806416218 0.437445182
0.0804593961 0.376909413
0.403284418 0.7879985
0.46923501 0.743807348
0.114425716 0.577332271
0.0867476305 0.665631601
0.58664948 0.361695283
0.713401312 0.220669321
0.0496824882 0.370358484
0.115664724 0.391488683
0.0515375163 0.587216303
0.291679463 0.38501334
0.45900282 0.781226582
0.842466186 0.232412199
0.781096106 0.291583476
0.779923167 0.269114027
0.875791659 0.379560693
0.592366929 0.929103414
0.594700504 0.907073598
0.607392417 0.908630517
0.206252453 0.484565733
0.0598123717 0.401141363
0.826740475 0.302601853
0.301635212 0.563191925
0.0944063746 0.350702311
0.872923923 0.585135787
0.0352653092 0.568261977
0.702782627 0.841379592
0.578586824 0.778302208
0.794877857 0.694602013
0.745326938 0.523831201
0.86032362 0.499504941
0.499574686 0.139055748
0.52327577 0.253768255
0.557009254 0.872621391
0.249844818 0.198202256
0.306233864 0.659315891
0.819202847 0.736438639
0.7805695 0.458878345
0.181035956 0.527032736
0.122720148 0.412662196
0.0826564304 0.566985104
0.200431632 0.701427856
0.738228745 0.419344092
0.577793867 0.242871137
0.387310756 0.205386646
0.941441488 0.588811016
0.821084412 0.460534076
0.29932963 0.192130899
0.698723661 0.212780408
0.688854675 0.237350646
0.336249646 0.651395038
0.756815756 0.578160123
0.321314975 0.0774248512
0.314361242 0.430272055
0.281218562 0.764247438
0.588267919 0.0586802852
0.407293123 0.762015731
0.883457619 0.30014842
0.208118578 0.599868032
0.321880184 0.751799251
0.145258664 0.583679969
0.79318017 0.38691726
0.206316982 0.546420969
0.784413723 0.173547528
0.293754314 0.222967531
0.848987277 0.180666025
0.816306742 0.85226311
0.662954251 0.723562194
0.295350425 0.479858502
0.91594101 0.540359344
0.538651759 0.0827692431
0.214902481 0.837462767
0.385152296 0.257019327
0.4267122 0.903292645
0.234525818 0.2566656
0.439055959 0.86020804
0.293988948 0.132687707
0.961644846 0.476151027
0.47617238 0.0382286715
0.41690093 0.441201906
0.608147053 0.432627221
0.461777533 0.508216233
0.723424144 0.662351857
0.463623849 0.425076552
0.398199066 0.515256125
0.77122607 0.648104013
0.351075119 0.280335336
0.593582613 0.49363028
0.557747289 0.495353091
0.266845454 0.318648724
0.457481436 0.669021961
0.612575033 0.851385874
0.583304142 0.560930719
0.618199634 0.565314355
0.407760849 0.551134056
0.310618278 0.72910894
0.481171627 0.33874056
0.34151721 0.356855783
0.389921691 0.7133628
0.597534583 0.596150781
0.556579578 0.6655632
0.61633433 0.526253197
0.554826153 0.354652201
0.413675714 0.658940638
0.650299683 0.327667486
0.389540769 0.678624407
0.245465295 0.550814491
0.582233795 0.754845671
0.541473562 0.410138078
0.443714489 0.473149552
0.629811323 0.655724165
0.346594738 0.318445154
0.669214497 0.447429049
0.510973845 0.377576795
0.514464123 0.35935389
0.343527967 0.625404178
0.563827582 0.753025382
0.270769797 0.723694306
0.285068178 0.706387531
0.450326076 0.347459609
0.459911313 0.544335165
0.368193861 0.446304007
0.335230508 0.308928962
0.590044937 0.177310406
0.462051612 0.575602103
0.6749046 0.532607775
0.635115357 0.301673923
0.722490706 0.614077928
0.626474243 0.418291577
0.607040322 0.235266555
0.246035485 0.65304997
0.23863928 0.34098214
0.613418224 0.787045246
0.633241046 0.578817121
0.398553994 0.292989388
0.647164874 0.519223881
0.544466319 0.559631026
0.441176136 0.699526885
0.417192626 0.705947966
0.350592734 0.550065019
0.535594459 0.751086286
0.630314109 0.596685905
0.579257394 0.721187299
0.437353021 0.408472284
0.584954152 0.834842368
0.601175601 0.370769196
0.261333992 0.679363144
0.371308305 0.139144058
0.653017938 0.254054191
0.86005681 0.370641992
0.598052651 0.682749616
0.586975799 0.736136083
0.483356565 0.356118565
0.376219322 0.526224173
0.662803755 0.431787633
0.630328909 0.385073646
0.573594015 0.435644675
0.572639687 0.465312306
0.755435772 0.630499594
0.744028278 0.340708777
0.640233734 0.545099365
0.583178333 0.257761741
0.6623157 0.221439288
0.620457508 0.350797611
0.61657709 0.274052596
0.453309444 0.526663615
0.511366747 0.641855103
0.63506762 0.246511262
0.519071387 0.560955634
0.572080587 0.408955095
0.259203117 0.231084739
0.448278041 0.726271829
0.224685903 0.673624653
0.314682061 0.329688383
0.741642346 0.583527223
0.768204847 0.690767569
0.404282257 0.454459071
0.568609801 0.615791373
0.304156475 0.413389166
0.494867241 0.566367876
0.231994205 0.686400484
0.45815938 0.614205695
0.415854798 0.515125082
0.42843685 0.487805479
0.411380899 0.482629301
0.256839616 0.532406994
0.559063017 0.91904775
0.649081883 0.364486573
0.739344352 0.293555037
0.690261616 0.309665729
0.556866395 0.46424815
0.763547147 0.611014857
0.561318206 0.776796493
0.394260708 0.178104587
0.821271583 0.393796337
0.261204504 0.357190713
0.642014566 0.79007047
0.568569455 0.88264435
0.233933418 0.6226122
0.608893373 0.869738936
0.609874439 0.711497248
0.462612569 0.484330339
0.528783981 0.511313498
0.629836286 0.472689138
0.635655778 0.356290483
0.637529773 0.219952801
0.647902376 0.198424845
0.543968042 0.724764341
0.797286687 0.643104353
0.38360077 0.473097389
0.693869419 0.598620619
0.386937665 0.642335324
0.158495922 0.505179817
0.286900024 0.230682636
0.655958506 0.187220578
0.307054364 0.513206793
0.728289026 0.688299417
0.546182954 0.439583586
0.266125098 0.220603633
0.640425022 0.815577452
0.368546355 0.339765053
0.907813122 0.247344527
0.247421645 0.704749198
0.577764764 0.797345243
0.415287243 0.585825707
0.281764377 0.374357837
0.446773323 0.945956957
0.589698961 0.282919565
0.458117958 0.43977786
0.575751922 0.484093608
0.337494719 0.274967314
0.474795764 0.589001678
0.430872857 0.433893085
0.624631637 0.545660887
0.72501296 0.645784183
0.449329319 0.578023529
0.35364623 0.135498588
0.862907339 0.352678572
0.434742386 0.353753015
0.360975835 0.630903642
0.786128386 0.638997721
0.84609871 0.378538242
0.378877646 0.153164004
