138 6 415
415 6 512
250 137 392
129 4 326
179 7 1250
166 1 266
1 13 266
266 13 319
13 14 319
14 15 260
248 10 678
167 166 262
168 167 384
260 15 389
169 168 664
15 16 389
185 11 1717
397 59 966
61 62 625
389 16 719
16 17 719
709 389 719
17 18 681
180 179 1187
51 2 324
627 23 1688
23 24 1688
656 44 710
45 46 645
19 20 399
399 20 968
20 21 968
968 21 1265
22 23 627
24 25 1278
1278 25 1694
1148 31 1603
1183 35 1564
381 42 704
48 49 386
643 47 689
386 49 527
264 51 324
264 52 315
53 54 258
258 54 521
54 55 521
1176 627 1688
1151 26 2031
27 28 867
867 28 1159
1159 29 1602
1564 36 2300
41 42 381
42 43 704
496 381 704
519 218 723
507 56 679
679 57 973
58 59 397
59 60 966
60 61 890
625 62 1691
90 3 325
1679 625 1691
62 63 1690
63 64 1279
1279 64 1695
1152 65 2032
655 83 711
84 85 646
66 67 868
868 67 1160
1160 68 1605
1149 70 1604
1184 74 1563
1563 75 2299
80 81 380
380 81 705
81 82 705
495 380 705
87 88 385
644 86 688
385 88 526
265 90 325
265 91 317
92 93 259
259 93 520
93 94 520
68 69 1605
70 71 1604
71 72 1180
1180 72 2208
72 73 1663
76 77 929
83 84 711
518 217 724
506 95 680
680 96 974
97 98 398
398 98 967
98 99 967
967 99 1251
624 398 967
891 100 1277
101 102 1189
1189 102 1239
102 103 1239
1239 103 1682
1156 104 1565
1190 106 1554
1554 107 2262
107 108 1639
108 109 1182
414 248 678
1182 109 2397
2550 341 2759
109 110 2397
927 114 1240
1198 116 1203
119 120 382
382 120 712
120 121 712
712 121 1287
122 123 634
29 30 1602
30 31 1148
31 32 1603
32 33 1181
1181 33 1665
170 169 950
171 170 869
156 10 248
186 185 884
181 180 1865
172 171 628
147 8 222
255 135 308
136 137 250
245 133 306
134 135 255
135 136 308
137 138 392
297 131 390
132 133 245
133 134 306
395 7 532
198 5 221
221 130 404
130 131 404
295 139 391
5 130 221
131 132 390
182 181 1588
678 10 1493
187 186 1721
1493 10 2079
1264 187 1721
189 188 957
165 12 224
253 153 310
154 155 254
257 151 305
152 153 253
153 154 310
254 155 418
298 149 393
150 151 257
151 152 305
155 156 311
201 9 223
223 148 403
148 149 403
246 157 303
9 148 223
149 150 393
188 187 894
173 172 954
174 173 900
499 174 900
175 174 708
176 175 383
183 182 1847
396 189 957
190 189 396
191 190 701
192 191 502
193 192 658
194 193 525
121 122 1287
126 127 299
261 128 321
195 194 509
251 141 301
249 143 530
244 145 302
145 146 302
247 159 309
252 161 304
256 163 400
400 163 531
196 195 394
197 196 320
2209 791 2697
111 112 1495
113 114 927
2498 204 2501
128 129 321
37 38 928
177 176 887
1528 225 1579
302 146 402
199 198 312
143 144 307
144 145 244
141 142 301
142 143 249
139 140 391
140 141 251
300 164 401
202 201 313
161 162 304
162 163 256
159 160 309
160 161 252
157 158 303
158 159 247
88 89 526
1539 450 2246
49 50 527
1644 348 2461
263 197 320
640 207 876
512 6 935
395 241 1614
200 199 323
222 200 323
8 200 222
302 209 407
164 165 401
203 202 322
12 203 224
400 213 411
123 124 522
687 232 975
520 94 717
44 45 710
862 207 2289
1849 204 2708
1961 226 2072
521 55 718
2307 540 2345
685 205 901
686 206 902
1558 226 1961
525 193 658
629 469 876
1645 347 2462
615 208 1178
2266 274 2696
1997 1027 2224
869 170 950
1137 356 1566
127 128 261
321 219 529
89 90 318
1906 227 2568
50 51 316
2338 537 2852
901 205 1210
650 236 937
902 206 1211
649 237 936
1826 228 2812
18 19 503
1890 227 1906
1557 228 2676
224 203 322
165 224 401
314 222 323
146 147 314
297 209 528
332 244 407
307 210 530
306 210 332
11 157 246
309 215 408
304 214 410
311 216 418
303 216 333
333 248 414
307 244 332
329 249 409
308 211 329
296 212 392
301 211 331
392 212 406
327 256 411
310 215 328
330 247 408
309 160 416
184 183 1719
303 158 419
308 250 331
301 142 420
298 213 413
305 214 327
328 252 410
304 162 417
264 218 316
493 290 936
265 217 318
494 291 937
515 234 903
667 240 1677
263 219 321
394 195 509
384 220 698
262 166 266
263 129 326
320 196 394
52 53 315
315 258 723
91 92 317
317 259 724
319 14 412
260 220 412
1835 995 2860
46 47 643
647 118 648
522 124 682
1430 448 2228
85 86 644
1535 270 2256
1282 678 1684
928 38 1226
74 75 1563
929 77 1225
104 105 1565
35 36 1564
295 212 405
631 231 925
1601 342 1912
889 231 1243
504 235 694
919 229 2115
958 238 960
920 230 2116
959 239 961
865 356 1137
628 171 869
1438 269 1882
1619 613 2115
1437 267 1881
1618 614 2116
118 119 648
2112 449 2631
1643 439 2135
878 238 933
2236 438 2673
877 239 934
399 292 722
657 234 1269
1851 345 2692
975 232 2298
684 233 1207
1207 233 1281
505 233 684
714 378 716
388 217 518
666 282 695
387 218 519
665 283 696
1205 280 1659
696 283 941
1206 279 1658
695 282 940
178 177 1231
514 284 699
262 220 384
220 260 511
299 261 510
675 235 683
331 250 406
296 241 405
296 138 415
395 295 405
198 221 312
314 243 402
201 223 313
300 242 413
127 261 299
510 261 529
322 242 401
300 213 400
329 211 420
391 251 406
147 222 314
390 245 407
311 248 333
330 216 419
305 253 410
327 214 417
152 253 305
393 257 411
244 302 407
134 255 306
144 244 307
306 255 409
136 250 308
210 306 409
310 254 408
328 215 416
252 304 410
154 254 310
156 248 311
247 309 408
297 243 312
312 221 404
298 242 313
313 223 403
312 243 323
402 243 528
53 258 315
218 264 315
51 264 316
316 218 387
92 259 317
217 265 317
90 265 318
318 217 388
220 262 319
262 266 319
219 263 320
394 294 516
261 321 529
129 263 321
313 242 322
202 313 322
199 312 323
243 314 323
2 52 324
52 264 324
3 91 325
91 265 325
4 197 326
197 263 326
162 256 417
257 305 327
160 252 416
253 310 328
142 249 420
255 308 329
158 247 419
330 254 418
251 301 331
211 308 331
245 306 332
210 307 332
246 303 333
216 311 333
1858 270 2453
383 285 1224
1881 267 2769
1882 269 2777
1805 335 2475
2551 1339 2852
1941 268 2782
2028 538 2602
1549 225 1924
2490 338 2587
1226 39 1702
1161 273 1477
1225 78 1701
1511 271 2414
1469 272 2616
1905 268 2649
1757 334 2525
504 369 683
2013 335 2558
676 367 902
1897 337 2503
677 368 901
1767 336 2822
663 208 906
2569 341 2712
1912 342 2780
1465 339 2495
924 277 1711
1462 340 2492
923 276 1712
1250 7 1587
1616 975 2298
1470 271 1888
637 350 872
1415 272 2507
636 351 873
1477 273 2802
638 352 874
1913 798 2537
1546 274 2266
886 275 910
1421 437 1930
513 235 670
124 125 682
621 278 899
1498 424 2422
977 275 1249
916 471 925
218 315 723
672 239 877
217 317 724
671 238 878
662 363 1262
888 356 1254
1543 230 2078
911 277 924
1542 229 2076
912 276 923
899 278 1286
662 234 978
664 293 903
888 278 907
896 282 1270
487 236 918
895 283 1271
623 397 966
914 277 1261
523 374 696
913 276 1260
524 373 695
501 275 660
658 286 694
125 126 659
905 357 916
515 293 962
511 260 706
508 240 702
622 399 968
95 96 680
506 365 666
56 57 679
507 366 665
676 239 959
521 374 523
677 238 958
520 373 524
505 286 714
513 294 703
504 286 707
502 191 701
126 299 659
670 235 965
919 480 1213
82 83 655
920 481 1214
43 44 656
972 357 1245
1212 281 1648
383 175 708
1224 285 1675
167 262 384
491 284 709
89 318 526
385 288 946
50 316 527
386 289 945
47 48 689
387 289 534
86 87 688
388 288 533
497 284 697
515 371 713
132 245 390
209 297 390
140 251 391
212 295 391
251 331 406
138 296 392
150 257 393
213 298 393
516 294 964
219 320 516
7 139 532
2122 349 2749
633 396 957
396 287 517
490 237 917
57 58 973
100 101 1277
96 97 974
508 292 651
503 399 722
257 327 411
163 164 531
242 300 401
224 322 401
209 302 402
146 314 402
149 298 403
298 313 403
131 297 404
297 312 404
212 296 405
241 395 405
212 391 406
250 392 406
245 332 407
209 390 407
215 310 408
254 330 408
409 249 530
255 329 409
214 305 410
253 328 410
213 393 411
256 400 411
14 260 412
220 319 412
242 298 413
213 300 413
246 333 414
1413 338 1898
241 296 512
1893 429 2651
215 309 416
252 328 416
214 304 417
256 327 417
155 311 418
216 330 418
216 303 419
247 330 419
211 301 420
249 329 420
1899 334 2628
862 354 1229
2314 336 2840
2634 343 2732
1995 337 2892
2297 344 2479
2361 423 2867
1482 345 1950
2822 336 2878
1838 1300 2422
1444 335 2013
2166 226 2271
1475 337 1995
1762 341 2624
1653 437 2272
1458 334 1757
1587 395 1614
1596 563 2017
40 41 879
2932 559 2940
79 80 880
1494 560 2352
1168 346 1642
1866 432 2645
1240 114 1718
1655 433 2460
651 292 883
2080 754 2253
2092 435 2194
1895 339 2447
2091 436 2198
1891 340 2446
517 287 715
925 231 1284
1406 1009 1873
665 366 970
1754 739 2400
666 365 969
1973 1381 2587
1722 353 2052
1208 449 1647
1830 268 1941
1519 348 1600
1910 573 2637
1518 347 1599
1463 438 2597
1471 425 2047
1545 273 1971
1578 426 2268
1483 1011 2414
1490 778 2529
1397 274 2156
1163 444 1423
865 232 1257
2664 427 2866
1586 344 2105
1531 769 2202
1263 857 1653
1547 432 2801
382 281 893
381 280 1205
1886 430 2571
1233 347 1645
1635 451 2005
380 279 1206
1889 431 2159
1236 348 1644
1636 453 2004
864 178 1231
2285 1106 2749
872 350 2947
2476 762 2740
291 398 624
1432 439 2041
874 352 1606
1597 434 1801
287 396 633
1275 353 1722
873 351 2021
105 106 1190
1253 641 1722
1244 185 1717
290 397 623
1442 872 2489
2142 587 2181
626 460 863
292 399 622
1606 352 2165
866 461 1199
630 461 866
486 363 978
628 364 948
933 467 1260
488 368 958
934 468 1261
489 367 959
631 354 1796
938 355 1238
904 355 1274
886 618 1238
660 275 977
639 470 1229
1209 236 1223
650 457 1223
1215 237 1222
649 456 1222
651 458 1697
1204 651 1697
619 361 877
48 386 689
620 362 878
87 385 688
700 492 947
501 370 910
648 382 893
889 611 1648
691 360 921
921 360 949
1514 588 2199
1272 613 1619
1515 589 2200
1273 614 1618
356 615 1178
1521 455 1632
646 362 898
878 362 1247
645 361 897
877 361 1246
384 293 664
899 364 963
663 363 944
657 364 1259
913 467 1210
918 236 1209
669 487 918
653 288 953
914 468 1211
652 289 952
917 237 1215
668 490 917
503 372 681
514 371 706
516 379 529
640 469 683
237 490 674
397 290 720
236 487 673
398 291 721
495 359 908
942 359 1256
496 358 909
943 358 1255
491 372 697
1607 474 1677
632 173 954
948 479 1276
691 498 1283
632 360 1285
522 370 634
500 357 905
910 370 939
916 357 972
502 286 658
233 505 716
697 372 702
19 399 503
654 459 1281
510 379 700
502 378 714
684 369 707
494 365 680
653 376 940
493 366 679
652 375 941
667 497 702
372 503 508
509 194 525
294 394 509
682 477 939
670 492 700
511 371 962
661 486 699
296 415 512
1571 349 2122
513 377 694
525 377 703
514 389 709
260 389 706
699 486 713
293 384 698
670 379 964
320 394 516
190 396 517
517 378 701
896 488 940
518 376 953
895 489 941
519 375 952
94 95 717
506 373 717
55 56 718
507 374 718
659 477 682
357 500 875
523 375 723
258 521 523
524 376 724
259 520 524
286 504 694
294 509 703
288 385 533
318 388 526
289 386 534
316 387 527
243 297 528
209 402 528
379 510 529
219 516 529
143 307 530
210 409 530
164 300 531
300 400 531
139 295 532
295 395 532
526 388 533
385 526 533
527 387 534
386 527 534
2423 535 2573
1838 424 2370
1953 421 2040
1913 441 2681
1497 343 2634
1957 430 2723
1954 431 2718
1991 442 2157
1509 448 1962
2066 775 2661
1749 422 2323
2308 423 2825
2342 535 2869
2348 422 2871
1756 542 2669
2564 428 2619
1755 543 2820
2502 979 2907
1416 445 1981
1411 548 1916
1571 818 1904
1455 428 2564
1147 434 1536
1417 444 1985
2042 433 2226
1175 597 1633
2346 540 2818
2046 426 2545
2067 570 2589
1445 549 2483
1852 546 2368
1459 545 2484
1446 551 2472
2047 425 2543
1787 427 2713
2150 536 2567
2850 725 2957
1752 553 2354
935 6 1237
1451 440 2058
1551 1085 2720
2096 1115 2194
2159 431 2455
2098 1116 2198
1450 446 1996
1759 1317 2391
1936 733 1993
2192 441 2212
1583 443 2261
2328 752 2874
1576 442 2090
2602 538 2808
1850 727 2496
1807 561 2380
1135 446 1457
1824 428 2623
1136 447 1988
1832 787 2670
2022 751 2535
1598 554 2197
1518 814 1872
2543 425 2659
1519 812 1870
2411 548 2880
871 453 1636
1425 556 2104
870 451 1635
1424 555 2103
2001 432 2565
2110 760 2505
1164 445 1427
1386 340 1891
1760 550 2437
1385 339 1895
2651 429 2657
1719 183 1847
908 359 942
1145 439 1432
909 358 943
1992 443 2162
1524 569 2184
2145 346 2203
2401 736 2949
112 113 1172
1665 33 2225
1548 577 2778
69 70 1149
1609 578 2056
1859 799 2784
1188 11 1674
663 474 932
932 474 1607
686 473 931
931 473 1219
685 472 930
930 472 1218
2896 766 2944
1449 447 1945
1412 579 2059
1281 459 2214
1428 440 1966
1915 761 2730
1945 447 2527
1232 455 1687
1525 351 1699
1552 587 1634
1590 442 2014
2004 453 2771
1589 443 1990
2005 451 2781
1612 590 2191
971 654 1281
1594 547 1909
1484 346 2237
1440 539 2945
1937 1007 2754
1794 433 2744
2507 272 2752
1243 231 2701
640 369 1228
2295 555 2434
1130 764 2281
1129 763 2279
2136 436 2148
1230 450 1620
117 118 647
2153 598 2250
2139 435 2147
2154 599 2265
1506 596 2190
879 381 1205
1201 452 1623
880 380 1206
1202 454 1624
1706 450 2247
1539 591 2171
887 383 1224
1283 498 1616
39 40 1196
1216 452 1705
78 79 1197
1217 454 1703
1942 735 2451
1632 455 1708
1210 205 2222
1585 807 1922
1211 206 2221
1570 574 1584
870 609 1234
1220 452 1660
1235 610 1236
1221 454 1661
1625 594 1720
647 478 1689
281 382 690
1647 840 1648
923 480 1256
279 380 693
924 481 1255
280 381 692
621 466 907
615 356 888
920 614 943
656 484 956
919 613 942
655 483 955
235 504 683
938 618 939
1527 608 2221
897 361 911
1526 607 2222
898 362 912
615 466 906
949 479 1286
1147 580 2010
627 464 892
1580 581 2791
625 462 890
1581 582 2792
626 463 891
1512 788 2783
1610 350 2284
1699 460 1714
863 460 1699
1723 874 2193
1681 352 1685
869 485 1259
899 479 948
876 207 1252
629 470 886
884 185 1244
866 353 1275
1507 631 1796
1454 557 1856
691 499 1285
954 628 1276
1657 584 2229
894 187 1264
370 501 634
123 522 634
635 510 947
299 510 635
650 291 882
636 457 882
649 290 881
637 456 881
638 458 883
240 508 651
275 501 910
925 471 926
470 629 876
369 504 707
654 287 885
641 459 885
888 482 951
921 642 951
689 386 945
643 361 645
688 385 946
644 362 646
897 616 956
46 643 645
898 617 955
85 644 646
119 382 648
1175 478 1700
893 281 1212
478 647 648
623 462 1267
290 623 881
624 463 1266
291 624 882
622 464 1268
292 622 883
489 652 941
289 387 952
488 653 940
288 388 953
633 465 1280
287 633 885
646 483 711
359 495 655
645 484 710
358 496 656
657 485 903
662 466 915
192 502 658
377 525 658
635 477 659
299 635 659
660 471 916
639 471 977
363 486 661
284 497 661
713 486 978
466 621 915
944 363 976
208 615 906
168 384 664
293 515 903
674 490 970
374 507 665
673 487 969
373 506 666
667 474 944
661 497 976
668 367 895
367 489 895
669 368 896
969 487 1270
675 492 965
294 513 670
644 476 1247
288 653 671
643 475 1246
289 652 672
365 494 673
673 494 937
366 493 674
674 493 936
675 469 904
947 492 1274
652 489 961
676 468 934
653 488 960
677 467 933
2058 440 2277
1923 779 2751
720 493 973
366 507 679
721 494 974
365 506 680
372 491 681
18 503 681
370 522 682
125 659 682
369 640 683
469 675 683
1698 584 2283
2124 747 2163
669 472 685
368 669 685
668 473 686
367 668 686
922 691 1283
687 498 921
476 644 688
671 476 946
475 643 689
672 475 945
382 500 690
690 500 905
360 632 949
285 383 922
381 496 692
692 496 909
380 495 693
693 495 908
235 513 694
377 658 694
376 524 695
373 666 695
375 523 696
374 665 696
284 491 697
372 508 702
220 511 698
698 511 962
371 514 699
284 661 699
938 635 947
379 670 700
378 502 701
190 517 701
240 667 702
497 697 702
377 513 703
509 525 703
656 496 704
43 656 704
655 495 705
82 655 705
371 511 706
389 514 706
286 505 707
505 684 707
708 499 922
174 499 708
681 491 719
284 514 709
45 645 710
484 656 710
84 646 711
483 655 711
500 382 712
634 501 1245
234 515 713
371 699 713
286 502 714
715 287 971
378 517 715
287 654 971
505 714 716
378 715 716
95 506 717
373 520 717
56 507 718
374 521 718
17 681 719
491 709 719
58 397 720
290 493 720
97 398 721
291 494 721
508 503 722
292 508 722
375 519 723
258 523 723
376 518 724
259 524 724
2325 541 2834
2309 543 2908
2330 1738 2834
2883 726 2955
1784 550 2675
1832 561 2857
1766 550 2510
2515 728 2579
1162 592 1933
1894 553 2485
1387 421 1953
2335 552 2897
1780 422 2378
1779 541 2943
1968 740 2613
2345 540 2385
2691 542 2748
2420 730 2829
2044 748 2524
2477 734 2504
1456 564 2152
1864 1324 2413
2442 538 2647
2008 1153 2460
1452 557 2402
1924 225 2585
2620 537 2687
1939 752 2888
2354 553 2876
1827 725 2456
2015 729 2526
2609 753 2811
1943 559 2630
1823 565 2544
1870 812 2352
1825 566 2546
1772 981 2828
2573 535 2805
1503 545 2095
1820 743 2809
1433 558 1575
1474 552 2039
1426 421 1982
2322 1003 2349
2140 558 2257
354 862 1179
1916 548 2552
1799 549 2553
1860 544 2739
1812 426 2129
1769 728 2494
1791 551 2555
1448 542 2454
2355 737 2844
2121 741 2532
1811 544 1960
2120 742 2603
1831 729 2474
1588 1019 2682
1187 179 1250
1920 744 2371
1755 746 2879
1989 562 2636
1834 564 2405
2074 1088 2171
927 602 1172
1929 546 2627
1785 425 2464
2197 554 2255
1608 735 2073
2391 1317 2421
1833 999 2667
1135 579 1919
1451 585 2304
1774 738 2594
2085 559 2316
1165 596 1491
2067 1062 2446
1504 595 2189
2068 1063 2447
1546 804 1856
1809 342 2488
1869 546 2790
1137 583 1555
1844 565 2376
1551 565 2161
1841 566 2390
2390 566 2570
1146 769 1531
1480 575 2075
1435 1033 1909
1476 576 2155
1423 444 1885
1710 1142 2147
1864 1054 2363
1499 545 2213
1427 445 1879
1709 1141 2148
2380 561 2815
1403 772 1834
2646 796 2922
1776 1440 2945
1144 581 1902
1464 762 2476
1145 582 1903
2282 448 2374
1419 562 2351
2059 579 2102
1683 572 2167
1715 585 2187
1523 569 2084
2039 552 2863
2294 556 2441
1876 431 1889
34 35 1183
1875 430 1886
2598 732 2633
1461 566 1825
2615 731 2642
1466 565 1823
1478 575 2107
2100 769 2273
1516 569 2219
1544 1092 2219
2332 727 2848
1559 1054 2009
1593 578 2302
1621 578 2239
1592 577 2301
1622 577 2060
1696 580 2168
1926 766 2896
1909 547 2593
1538 576 2742
1614 241 2050
2036 754 2519
208 663 932
1136 583 2292
1948 574 2789
1192 608 1672
1585 573 2704
1191 607 1673
1508 796 2646
2062 775 2556
2529 778 2786
1598 797 2766
1567 558 2123
1472 769 2100
2296 756 2425
1821 751 2367
2223 599 2963
1158 800 2747
1409 598 2153
1161 801 1517
2230 598 2962
2068 571 2590
2875 1164 2963
2070 749 2768
1473 765 2517
2034 737 2468
1487 805 2141
1608 1082 2017
1595 1079 2135
1962 448 2282
1162 807 2242
1468 592 1986
1166 595 1489
1537 555 2210
1573 568 1666
1130 808 2210
73 74 1184
1572 567 1664
1540 556 2211
1604 810 2803
2087 560 2317
908 613 1272
1171 607 1526
1186 588 1630
1583 816 1815
909 614 1273
1170 608 1527
1185 589 1629
1429 1011 1862
1501 574 2251
1178 793 1566
1140 586 1449
2692 345 2800
1449 586 2146
1891 773 2269
67 68 1160
1895 771 2275
28 29 1159
231 631 1507
1647 449 2243
116 117 1203
117 647 1203
2341 770 2923
1241 835 1634
1233 609 1599
1943 814 2684
1236 610 1600
1590 812 2249
1666 568 1874
36 37 1667
1664 567 1868
75 76 1662
2648 785 2694
1439 757 2000
1425 781 1793
1955 567 2706
1424 782 1792
1958 568 2711
1197 601 1661
2199 588 2204
1196 600 1660
2200 589 2206
914 608 1192
1170 794 1501
913 607 1191
1171 795 1500
1156 593 2227
2181 587 2232
2050 512 2584
1492 572 2746
1242 455 1521
1193 586 1650
456 637 872
1215 838 1219
457 636 873
1209 839 1218
1633 597 2238
1212 840 1700
880 601 1197
929 605 1662
879 600 1196
928 604 1667
1591 862 2289
207 640 1640
1481 602 1620
115 116 1198
1642 346 2145
1230 844 2247
1233 846 1234
2121 1075 2462
871 610 1235
2120 1074 2461
1231 603 1687
2146 586 2305
464 627 1194
1522 789 2205
462 625 1195
1610 850 2239
458 638 874
240 651 1204
11 246 1674
414 678 1282
26 27 2031
1268 464 1685
65 66 2032
1267 462 1686
1248 855 1651
1153 835 1655
2117 590 2449
1253 856 1656
1640 843 2283
369 684 1228
1241 593 1631
1248 460 1704
1654 859 1720
1263 584 1657
246 414 1674
1188 852 2304
1656 856 2191
459 641 1253
926 639 1229
1228 843 1640
463 626 863
882 624 1266
887 603 1231
2584 606 2702
687 482 1257
1178 208 1637
465 630 866
885 633 1280
1489 1130 2281
867 595 1504
1491 1129 2279
868 596 1506
664 485 950
364 628 869
870 604 1201
1185 824 1216
871 605 1202
1186 825 1217
1902 776 2738
2290 1483 2414
1248 858 1714
1595 777 2101
1681 849 2060
1408 790 2433
122 634 875
875 500 1287
469 640 876
1229 470 1252
911 619 1261
475 672 877
912 620 1260
476 671 878
41 381 879
1220 600 1659
80 380 880
1221 601 1658
881 623 1267
456 649 881
1258 636 1266
457 650 882
883 622 1268
458 651 883
461 630 884
1199 461 2674
1275 641 1280
459 654 885
904 629 1238
886 470 1249
176 383 887
1232 603 1675
232 687 1257
466 615 907
1208 611 1243
905 612 1227
462 623 890
61 625 890
99 100 1251
1189 626 1277
21 22 1265
22 627 892
478 648 893
1227 889 1648
630 465 1264
465 633 894
970 490 1271
490 668 1271
368 488 896
487 669 1270
1170 833 1672
484 645 897
1171 834 1673
483 646 898
915 621 1269
951 642 1286
900 632 1285
173 632 900
467 677 901
368 685 901
468 676 902
367 686 902
234 657 903
485 664 903
469 629 904
492 675 1274
354 631 926
281 690 1227
906 466 1262
466 662 1262
278 621 907
615 888 907
613 908 942
279 693 1272
614 909 943
280 692 1273
370 682 939
618 886 910
361 619 911
616 897 911
362 620 912
617 898 912
276 912 1260
467 901 1210
277 911 1261
468 902 1211
364 657 963
234 662 915
875 634 1245
612 905 916
473 668 917
237 649 1222
472 669 918
236 650 1223
1910 813 2076
1213 480 1712
1570 815 2078
1214 481 1711
482 687 921
498 691 921
499 691 922
383 708 922
955 617 1256
617 912 923
956 616 1255
616 911 924
889 612 1284
231 889 1284
471 639 926
631 925 926
114 115 1718
1230 602 1240
38 39 1226
1201 604 1226
77 78 1225
1202 605 1225
205 685 930
1131 582 1669
206 686 931
1132 581 1668
2010 580 2583
474 667 1677
238 677 933
620 878 933
239 676 934
619 877 934
6 178 1237
864 606 1237
290 649 936
237 674 936
291 650 937
236 673 937
629 886 1238
477 635 938
618 910 939
477 938 939
376 695 940
282 896 940
375 696 941
283 895 941
480 919 942
617 923 1256
481 920 943
616 924 1255
474 663 944
363 661 976
289 672 945
475 689 945
288 671 946
476 688 946
510 700 947
355 938 947
949 632 1276
364 899 948
479 899 1286
642 921 949
169 664 950
485 869 950
278 888 951
482 921 951
387 519 952
375 652 952
388 518 953
376 653 953
172 628 954
628 948 1276
359 655 955
483 898 955
358 656 956
484 897 956
894 633 957
188 894 957
671 653 960
368 677 958
672 652 961
367 676 959
238 671 960
488 958 960
239 672 961
489 959 961
371 515 962
293 698 962
621 899 963
963 657 1269
379 516 964
294 670 964
492 670 965
235 675 965
890 623 966
60 890 966
891 463 1251
463 624 1251
892 464 1265
464 622 1265
282 666 969
365 673 969
283 665 970
366 674 970
716 715 971
233 716 971
501 660 972
660 916 972
493 679 973
58 720 973
494 680 974
97 721 974
498 687 975
1449 817 1988
497 667 976
667 944 976
470 639 1249
471 660 977
363 662 978
234 713 978
1848 543 2309
2335 1727 2863
1840 549 2435
1808 980 2429
1843 551 2436
1767 1052 2438
2235 1361 2712
1918 427 2664
2494 728 2515
2319 743 2467
1979 744 2418
2311 984 2902
1977 745 2635
1758 745 2679
1914 752 2775
1877 731 2551
1837 753 2450
1935 732 2443
1771 540 2346
2429 980 2886
2033 738 2377
1781 726 2324
1393 745 1977
2364 730 2831
1753 1327 2840
2444 743 2690
1784 758 2465
1471 1064 2464
2126 749 2128
1447 570 2130
2384 1302 2928
2324 726 2883
1835 550 2581
1557 802 2652
1761 986 2887
2353 734 2915
1520 1044 1917
2108 792 2733
1880 770 2743
2231 1114 2661
2502 1315 2503
2456 725 2850
2833 982 2877
1435 786 2538
2252 1028 2627
1801 766 2463
2359 740 2836
1508 1002 1509
2339 746 2865
2459 988 2709
2357 1379 2709
2419 979 2502
2402 557 2906
1856 557 2767
2316 559 2932
1124 816 2261
1927 1065 2450
2317 560 2934
2443 732 2936
2228 1002 2474
1931 734 2477
1873 1009 2356
1172 602 1481
1911 110 2653
2236 1144 2738
2290 1158 2747
1584 574 1948
2356 343 2500
2114 1421 2517
1457 804 2280
2367 751 2911
2491 755 2794
1974 561 2921
2480 755 2618
1408 434 2164
1517 801 2773
2114 765 2654
2468 737 2872
2158 768 2756
1868 781 2542
1436 754 2080
2413 1324 2592
1401 544 1860
1980 803 2787
2160 767 2757
1874 782 2549
2312 730 2420
1528 1067 2035
1947 268 2727
2678 985 2821
1179 594 2562
1575 558 2140
2334 1360 2366
1541 806 1819
1899 1294 2879
1828 733 2776
1549 799 2406
1952 733 2841
1970 802 2770
2379 727 2899
1430 1029 2374
1951 740 2395
1868 567 2795
1184 827 1572
1874 568 2796
1183 826 1573
1500 573 2695
1494 1007 2365
1901 736 2401
2074 757 2686
2604 786 2644
1594 1033 2201
1195 850 2284
1219 838 1668
1145 777 1595
1218 839 1669
1517 1016 1971
1607 851 2168
1463 762 1949
1811 1344 2504
1447 1094 2070
2350 989 2854
1781 989 2557
1416 803 2024
1908 739 2481
1751 982 2842
1786 423 2361
2011 423 2396
1994 1043 2336
1582 1070 2713
1559 270 2143
1520 563 2672
1450 799 2536
1967 1014 2367
2049 1332 2860
1979 1335 2362
2233 1182 2697
1529 547 1594
1135 778 1490
2351 562 2788
1800 748 2448
1438 783 1841
2013 1039 2448
1763 987 2900
1766 750 2439
1437 784 1844
1767 750 2440
2077 1312 2407
1787 760 2457
1925 1003 2950
1964 759 2426
1503 772 2575
2016 741 2849
1843 784 1881
353 866 1199
2220 1150 2449
2019 1354 2482
1840 783 1882
1400 761 1915
1569 761 2600
1520 787 2416
1900 1015 2371
1535 1044 2599
2736 774 2951
1883 756 2563
1617 759 1964
1488 570 2725
1709 763 2131
1845 571 2068
1710 764 2132
1143 758 2612
1446 750 2048
1969 729 2015
1534 344 2297
2094 1458 2794
1770 1081 2564
1745 1328 2844
1448 1026 2388
7 395 1587
241 512 2050
1971 1016 2433
1574 805 2109
2485 553 2826
1829 780 2560
1978 575 2099
1393 1023 2212
2141 805 2292
1807 1498 2951
2234 1369 2537
2088 747 2717
1235 847 2138
2089 742 2509
1234 846 2424
1958 1031 2721
1405 1076 2613
1946 987 2853
1855 1296 2855
1532 1077 2622
1854 1297 2917
1533 1078 2625
2507 806 2534
1441 1025 1819
1411 1080 1800
1445 748 2044
1967 755 2491
1898 1048 2529
1596 1460 2672
1999 792 2726
1403 1054 2143
2106 349 2586
2029 1324 2363
1553 772 2125
1465 767 1797
1957 1355 2548
1462 768 1803
1533 1057 2019
1404 759 2254
2051 797 2729
113 927 1172
1641 1113 2026
1603 809 2804
2103 809 2286
1129 811 2211
2104 810 2287
1822 1360 2949
1830 780 2737
2219 1092 2737
2698 1113 2801
1513 786 2604
1544 1093 1547
2523 993 2772
1502 1080 2268
1186 831 1670
1658 279 2176
1185 832 1671
1659 280 2175
2024 1020 2215
1568 226 2166
1452 765 2144
2012 747 2124
1912 798 2650
1556 441 2192
1168 845 2237
1641 828 2291
1518 824 2274
1589 814 2245
1519 825 2276
1630 1102 2276
1514 813 1991
229 919 1213
1213 834 1627
1586 807 2479
1515 815 1992
230 920 1214
1942 997 2734
1193 837 1632
10 184 2079
1715 1188 2304
1500 795 2086
1223 457 1693
1501 794 2137
1222 456 1692
2241 554 2626
1588 181 1865
1898 338 2490
2248 1451 2304
2126 1411 2470
1558 803 2270
2196 1113 2291
1641 1168 1642
1634 587 2142
1443 873 2021
1545 1037 2030
1151 820 1592
1512 1035 1983
1152 819 1593
1194 849 1681
1548 789 2303
1263 859 1654
1625 1134 2185
1572 827 2119
76 929 1662
1573 826 2118
37 928 1667
1258 863 1699
1839 777 2572
1565 823 1611
1655 835 2226
1187 836 2207
1123 754 1436
1815 816 2634
1124 815 1570
1857 1056 1987
1915 1058 2059
2253 1126 2255
1617 1126 2254
1476 791 2180
1611 823 2306
1410 1010 1938
106 107 1554
1149 811 1605
1396 1018 2492
1148 808 1602
1399 1021 2495
1669 839 1693
1693 457 2263
1668 838 1692
1692 456 2264
1193 848 1652
285 922 1283
2185 1134 2717
2186 1098 2654
1457 446 1806
2266 1125 2280
1138 434 1597
1555 1136 1988
583 1136 1555
232 865 1200
1972 766 2760
1530 583 2113
1139 788 1512
2154 1470 2783
1460 818 2527
1140 818 1571
1560 436 2091
1793 781 2596
1561 435 2092
1792 782 2617
1417 802 2071
2049 1143 2612
1431 794 2183
1983 1035 2489
1643 1104 2041
1525 1036 2021
1433 1073 2123
1531 449 2018
1696 1154 2583
1566 793 2714
2210 555 2295
1665 830 2217
2208 829 2216
2211 556 2294
1653 857 1713
1452 1013 2767
1622 853 2301
2055 820 2092
1621 854 2302
2056 819 2091
1794 770 2341
2008 775 2066
1697 458 1723
1522 1037 2165
2278 1111 2729
1598 1155 2626
1538 1122 2306
1241 858 1651
1244 860 1716
1562 585 2473
1511 1035 1888
800 1158 1427
1489 595 1646
1159 808 2081
1491 596 1649
1160 811 2082
1545 790 2179
801 1161 1423
1986 1079 2534
1585 1104 2242
2724 771 2873
1423 1161 2230
2741 773 2875
1427 1158 2223
811 1129 2082
2269 773 2741
808 1130 2081
2275 771 2724
1536 793 2640
434 1138 1536
1168 591 1539
2237 845 2238
1707 590 2117
1713 857 2117
1214 833 1628
1527 1109 2183
1910 1103 2695
2041 795 2182
2000 757 2074
1938 547 2608
1198 822 1626
1706 1173 2238
1626 822 1633
1174 449 2112
1174 597 1638
478 893 1700
1176 853 1622
25 26 1694
1177 854 1621
64 65 1695
1536 1138 2714
208 932 1637
1179 862 1591
1575 821 2111
1184 829 1663
1664 1090 2216
33 34 2225
1666 1089 2217
1439 1034 2593
2155 1128 2233
1564 1120 2005
1875 782 2722
1563 1119 2004
1876 781 2719
1629 589 2259
1201 842 1660
1630 588 2258
1202 841 1661
2253 754 2582
1683 1123 2207
1684 1107 2248
1716 860 2187
460 626 1189
103 104 1682
2155 576 2607
1190 823 1565
276 913 1191
1191 834 1712
277 914 1192
1192 833 1711
1571 837 1650
606 864 1242
1194 627 1680
1622 849 1680
1195 625 1679
1621 850 1679
842 1196 1660
40 879 1196
841 1197 1661
79 880 1197
1203 647 1689
1626 1173 2247
1987 1056 2600
1716 1157 2674
1200 817 1577
1200 865 2188
1196 842 1702
1216 609 1623
1197 841 1701
1217 610 1624
1175 822 1689
822 1198 1203
1204 851 1677
1696 851 1697
1671 832 2175
600 879 1205
1670 831 2176
601 880 1206
1207 861 1698
1698 861 2229
2018 821 2140
1484 1100 2203
457 873 2263
472 918 1209
607 913 1210
205 930 2178
608 914 1211
206 931 2177
1638 840 2243
1638 1175 1700
1627 834 2133
480 923 1712
1628 833 2134
481 924 1711
456 872 2264
473 917 1215
1220 832 1705
609 870 1623
1221 831 1703
610 871 1624
1581 1108 2178
472 1209 1218
1580 1109 2177
473 1215 1219
832 1185 1705
600 1205 1659
831 1186 1703
601 1206 1658
1442 1132 2264
838 1215 1222
1443 1131 2263
839 1209 1223
1675 285 2149
603 887 1224
605 929 1225
841 1202 1225
604 928 1226
842 1201 1226
612 889 1227
690 905 1227
1207 843 1228
684 1207 1228
207 862 1252
354 926 1229
1198 844 1718
1539 1088 1620
1242 864 1687
177 887 1231
1232 848 1708
1652 848 2149
1875 1353 2723
1216 824 1599
451 870 1234
609 1233 1234
1550 847 1644
453 871 1235
1217 825 1600
847 1235 1236
178 864 1237
606 935 1237
355 904 1238
618 938 1238
1651 855 2227
1239 855 1704
602 927 1240
844 1230 1240
1714 858 2142
1611 1122 1631
1940 1492 2726
864 1231 1687
611 889 1243
821 1208 1243
1188 860 1717
461 884 1244
357 875 1245
501 972 1245
361 643 1246
475 877 1246
362 644 1247
476 878 1247
1682 1156 2227
460 1189 1704
275 886 1249
639 977 1249
1683 836 1976
836 1187 1250
100 891 1251
624 967 1251
470 876 1252
862 1229 1252
1612 856 2052
1656 1169 2214
356 865 1254
482 888 1254
481 943 1255
358 956 1255
480 942 1256
359 955 1256
1254 865 1257
482 1254 1257
351 636 1258
463 863 1258
485 657 1259
364 869 1259
467 913 1260
620 933 1260
468 914 1261
619 934 1261
363 663 1262
663 906 1262
1625 859 2272
2214 1169 2229
884 630 1721
465 894 1264
22 892 1265
622 968 1265
636 882 1266
463 1258 1266
350 637 1686
637 881 1267
352 638 1685
638 883 1268
234 915 1269
621 963 1269
669 896 1270
282 969 1270
668 895 1271
283 970 1271
693 908 1272
613 919 2115
692 909 1273
614 920 2116
675 904 1274
355 947 1274
1569 1056 2052
465 866 1275
479 949 1276
632 954 1276
626 891 1277
101 1189 1277
1592 853 1694
1278 853 1688
1593 854 1695
1279 854 1690
641 885 1280
465 1275 1280
233 971 1281
861 1207 1281
1493 1107 1684
1282 852 1674
603 1224 1675
498 975 1616
612 916 1284
916 925 1284
360 691 1285
499 900 1285
642 949 1286
278 951 1286
500 712 1287
122 875 1287
1768 989 2350
2325 1288 2882
2340 984 2910
2809 743 2954
2318 995 2333
1773 424 2499
1508 227 1890
2611 1374 2892
2807 1004 2891
2400 739 2903
2357 988 2894
2045 1050 2851
1426 746 2360
1458 1015 1900
2807 1289 2927
2310 983 2845
1914 1389 2699
1855 1077 2316
2442 1342 2853
1854 1078 2317
2378 422 2881
2327 738 2913
2889 996 2930
1568 1040 2594
1920 1015 2779
1769 1046 2370
1851 1001 2347
1826 1301 1929
1771 988 2459
1818 994 2384
2048 750 2466
1775 991 2839
1934 542 2691
1802 1294 2628
1852 1001 2693
1832 1305 2815
2373 990 2404
1764 999 2688
2354 1041 2926
2038 729 2408
2354 1402 2868
1752 1308 2336
1764 1292 2481
1444 1050 2045
2330 981 2554
1753 1310 2828
2042 1127 2744
2008 1311 2556
1844 784 2003
2329 1761 2855
1841 783 2002
2331 1763 2917
1426 1003 1925
1849 1004 2807
1853 979 2419
1475 1053 2431
2313 994 2916
1827 1004 2707
1853 1306 2829
1953 1022 2965
1582 780 2728
2312 990 2824
1800 1039 2392
2345 1293 2827
1836 728 2458
1746 983 2310
1814 983 2478
1836 1320 2579
1759 1022 2364
1853 1322 2375
1535 1083 1917
1499 1060 2053
1892 997 1893
1456 1061 2029
1845 992 2658
1446 1051 2436
1488 993 2763
1445 1049 2435
1820 991 2689
2428 1753 2438
2234 985 2785
1809 1328 2383
1848 1314 2349
2431 1053 2816
1861 1075 2532
2085 1077 2410
1550 1074 2750
2019 742 2089
1836 995 2580
2049 228 2798
1553 1066 2623
2022 1419 2832
1906 1041 2395
2400 1042 2485
1838 1046 2418
1979 1046 2662
2034 1067 2761
2234 1398 2383
1765 996 2551
1749 981 2731
1928 731 2615
1843 1312 2077
2327 996 2830
1928 1338 1944
2321 1742 2906
2035 1067 2468
1817 1008 1935
2886 980 2959
1932 732 2598
1786 1008 2359
1840 1313 2083
2083 1313 2403
1914 1009 2700
1568 1097 2072
1952 1022 2591
2398 1336 2567
1825 993 2523
2512 1062 2920
1823 992 2520
2513 1063 2919
1492 997 1892
754 1123 2519
1434 571 2025
2520 992 2610
2381 984 2935
1802 1350 2935
1481 1088 2686
2026 1113 2698
453 1235 2138
2287 1090 2542
1959 1031 2710
2286 1089 2549
1954 1352 1955
1863 1354 2019
1645 1075 1861
1532 1055 2016
1746 991 2427
2394 994 2497
1550 1030 1975
2087 1331 2352
1861 1031 1959
451 1234 2424
1901 1000 2606
1582 1091 2260
2341 998 2925
2320 1291 2833
1513 1000 2235
1804 1311 2817
1908 1292 2389
2431 1750 2503
1982 1026 2386
1549 1045 1579
2009 1054 2451
1904 1082 2586
1803 768 2660
2006 1018 2596
1797 767 2668
2007 1021 2617
1850 1001 2368
1574 1136 2292
1922 1032 2762
1534 1065 1927
1567 798 2680
1453 1017 2488
758 1143 1434
2873 771 2968
1488 1094 2130
2875 773 2967
1862 1011 2561
1867 544 2430
1894 1042 2396
2011 1373 2716
1896 739 2685
2011 1042 2400
2180 1047 2912
2201 1375 2409
2009 735 2715
1893 997 2765
2641 1854 2917
1968 1076 2408
1576 1032 2195
1910 1378 1991
1818 1316 2497
2322 1314 2961
2022 1045 2406
1989 1048 2490
2029 1061 2666
1973 756 2764
1570 1105 2251
1497 1012 1949
1878 797 2655
2426 1061 2938
1390 1023 2727
2335 1318 2404
2415 1347 2447
2132 1385 2275
2417 1346 2446
2131 1386 2269
2364 1022 2937
1528 1027 2639
1939 1006 2774
1464 1038 2500
2407 986 2953
2072 1097 2477
1479 1023 1978
1544 785 2648
1972 1016 1998
1869 1395 2627
1758 1392 2421
1947 1023 1977
1913 1369 2172
1795 1393 2172
1796 1179 2562
2012 1024 2797
1850 1301 2358
1869 1391 1998
763 1129 1396
340 1386 1887
1707 1169 2191
2156 1013 2220
2488 1017 2843
1795 1369 2785
764 1130 1399
339 1385 1884
1562 1058 2730
2057 1125 2102
1960 1020 2511
2065 1372 2561
1951 1041 2486
1822 1291 2858
2053 1060 2453
1834 772 2663
2592 1324 2666
2254 1126 2582
2038 1076 2602
1405 1008 1817
1939 1388 2775
1406 1038 2914
1609 1116 2098
2154 1407 2169
1487 1069 2463
1147 790 2164
2055 1115 2778
2873 1163 2962
110 111 2653
1529 791 2209
2033 1568 2594
1578 1080 2126
2051 1111 2277
1412 1111 1919
2587 338 2629
1919 1111 2278
1872 814 1943
2732 1388 2774
272 1415 1839
2101 1415 2534
1981 445 2521
1960 1401 2215
1985 444 2518
2071 1028 2252
2139 1142 2724
598 1409 2170
1579 1045 2224
1883 1081 2788
2136 1141 2741
2136 1420 2169
1421 1098 2088
1713 1150 1930
1976 1068 2746
1632 837 2122
1395 801 1885
546 1869 2627
1875 1366 2617
1603 1181 1676
1876 1365 2596
1604 1180 1678
2349 1003 2820
1387 1026 1982
1401 800 1879
1879 1416 2215
1428 1155 2766
779 1155 1428
1011 1429 1956
2061 1144 2673
1819 806 2507
1534 1029 1969
1431 1109 2791
1984 1382 2037
1526 1108 2182
1432 1108 2792
1601 1073 2124
1433 1024 2012
1785 758 2528
1434 1143 2652
1034 1435 1909
2000 1351 2001
1436 1187 2207
1436 1019 1865
2160 1085 2161
2407 1312 2887
1863 1057 2390
2403 1313 2900
1842 757 2533
1435 1034 2565
2656 1776 2922
2334 998 2870
1469 1114 2231
1440 1025 2062
1511 776 2097
581 1132 1902
1443 1036 2572
582 1131 1903
2392 1039 2838
1502 1049 2044
2083 1343 2553
1799 1309 2851
1471 1051 2048
2077 1338 2555
1510 1112 2768
1447 1112 2270
1448 1027 1997
1026 1387 2388
1652 1133 2305
818 1140 1945
2321 1005 2856
2244 1048 2636
1412 1058 2058
1966 1451 2248
1930 1150 2220
2355 1017 2948
1601 1098 2186
765 1452 1921
1454 804 1806
1924 1005 2536
2563 1455 2564
1973 1383 2938
1834 1084 2152
2152 1084 2745
2057 1457 2280
446 1450 1806
1810 545 2508
1934 1014 2530
1824 1066 2480
2422 1300 2904
1596 1082 1904
1574 1072 2023
1812 993 1825
1889 1086 2158
2067 1346 2725
1462 1018 2006
1463 1012 1984
2236 1429 2597
2356 1388 2732
2561 1372 2740
1845 1347 2610
1465 1021 2007
1813 992 1823
1886 1085 2160
1927 1368 2105
1467 592 1963
1615 1162 2135
448 1430 2374
1552 1114 2232
1469 1036 2181
2223 1158 2265
2098 1407 2154
2003 1051 2047
2465 1064 2510
1556 1071 2100
2202 1472 2203
1098 1421 2114
1473 1013 2144
2412 1306 2816
2127 1582 2713
1475 760 2110
1474 1053 2110
1880 1476 2912
1554 1128 2607
2230 1161 2250
2096 1409 2153
1472 1071 1478
1478 828 2145
1478 1071 2099
2172 1393 2212
1480 785 2196
1978 1390 2075
602 1230 1620
1495 1172 2605
1482 787 2578
1851 1305 1950
1470 1158 2290
1867 1372 2739
2202 1100 2631
597 1174 1484
1155 779 1923
2079 1110 2751
2193 874 2240
790 1147 2010
2343 1367 2896
1907 1072 2578
1578 1094 2129
1062 1891 2446
595 867 1646
1710 1166 2281
446 1135 1490
1996 446 2671
596 868 1649
1709 1165 2279
1587 1068 1976
2108 1106 2285
2288 779 2735
2288 1493 2751
812 1494 2352
2105 1368 2195
112 1172 1495
1938 1010 2533
2073 1364 2586
1940 1496 2106
1948 1382 1984
1012 1463 1949
2379 1059 2380
1499 774 1777
1974 1323 2599
1777 774 2736
2041 1104 2086
2133 1500 2695
2134 1501 2251
2037 1382 2137
2002 1049 2046
1800 1080 2524
1459 1066 2095
1858 1060 2575
27 867 2031
820 1151 1504
1505 1019 2080
2241 1485 2682
66 868 2032
819 1152 1506
354 1179 1796
1507 1024 2111
2646 1778 2858
1831 1002 2793
1509 1002 2228
796 1508 1509
1510 1040 2166
1916 1510 2470
2097 1442 2489
1902 1442 2097
1609 1139 2239
1888 1512 2783
1871 341 2550
1901 1361 2235
588 1186 1670
1590 1102 2157
589 1185 1671
1589 1101 2162
2505 1070 2506
2260 1516 2737
273 1161 1517
2790 546 2939
609 1216 1599
824 1185 1629
610 1217 1600
825 1186 1630
1460 1072 1907
1907 1520 2672
606 1242 1521
1521 1106 2108
1681 1117 2165
2153 1477 2205
1866 1093 2644
1918 1359 2606
1524 1091 1918
2084 1000 2604
1525 1121 2181
1114 1469 2232
795 1171 1526
2178 1108 2222
794 1170 1527
2177 1109 2221
1821 1363 2535
1828 1336 2761
2397 1410 2697
1529 1047 2180
1965 1138 2113
1530 1069 2141
1208 821 2018
1567 1099 2257
2121 1330 2410
1437 1055 2173
2087 1078 2509
1438 1057 2174
1837 1065 2942
1467 1029 2297
1917 1083 2017
270 1535 2027
1637 1167 2640
580 1147 2064
808 1148 1537
1537 1148 2804
1631 1122 2226
1880 1127 2742
2171 591 2799
1706 845 2246
811 1149 1540
1540 1149 2803
1468 806 2282
1541 1025 2621
1627 1103 2076
1542 813 2199
1628 1105 2078
1543 815 2200
1905 1092 2648
1523 1093 2218
2010 1486 2179
2030 1522 2205
2102 1125 2696
1546 1013 2156
2196 1547 2801
785 1544 1547
2096 1548 2778
1522 1117 2303
2035 1340 2585
1859 1419 2406
2601 1550 2750
1975 1030 2703
2540 1551 2720
1551 1055 2376
2062 1441 2661
835 1153 1552
2151 1455 2745
2095 1066 2125
1639 1128 2262
823 1190 2020
865 1137 2188
817 1200 1555
1613 1146 2257
2099 1071 2192
1970 1434 2652
1826 1028 2676
1980 1447 2270
1961 1020 2024
1858 1403 2143
1608 1083 2715
596 1165 1560
1560 819 2190
595 1166 1561
1561 820 2189
2069 1157 2293
1111 1412 2277
1662 1119 2299
827 1184 1563
1667 1120 2300
826 1183 1564
2020 1538 2306
105 1190 1565
583 1137 1965
356 1178 1566
2273 1099 2681
769 1146 1613
1931 1097 2377
2270 1112 2271
1569 1199 2069
353 1199 1569
815 1543 2078
816 1124 1584
2106 1496 2749
586 1140 1650
829 1184 1572
2119 827 2771
830 1183 1573
2118 826 2781
2054 1482 2109
447 1136 1574
1024 1433 1575
2111 821 2701
1991 1378 2090
1494 812 2683
232 1200 1577
1577 817 2146
2070 1094 2128
2046 1502 2268
1027 1528 1579
225 1549 1579
581 1144 2061
931 1219 1580
582 1145 2063
930 1218 1581
1918 1091 2127
2184 1516 2260
1992 1124 2261
1583 1006 1990
2137 1382 2789
1124 1570 1584
2086 1104 2704
1586 1032 1922
807 1162 1933
2090 1378 2762
935 606 2584
836 1250 1587
180 1187 1865
1485 1110 1847
1629 1101 2274
1006 1414 1990
1576 1007 2014
1007 1494 2014
1654 1118 2283
594 1179 1591
1592 820 2055
26 1151 1694
1593 819 2056
65 1152 1695
2201 1033 2550
1047 1529 1594
439 1145 1595
1839 1415 2101
1082 1596 2017
818 1460 1596
1597 1530 2113
1069 1530 1597
2425 1973 2938
2051 1428 2766
347 1233 1599
824 1518 1599
348 1236 1600
825 1519 1600
558 1433 2123
2088 1098 2163
30 1148 1602
808 1159 1602
2103 1537 2804
32 1181 1603
2104 1540 2803
71 1180 1604
69 1149 1605
811 1160 1605
1606 1037 2240
1117 1522 2165
1167 932 1607
2064 1167 2168
1942 1364 2073
2256 1559 2715
2169 1407 2198
788 1139 1609
462 1195 1686
1139 1512 1610
593 1156 1611
1156 1565 1611
856 1253 1722
1612 1056 1857
1613 1099 2273
558 1567 2257
1999 1068 2733
1068 1587 1614
592 1162 1615
1615 1079 1986
1577 1133 2298
285 1283 1616
1617 1087 2197
2241 1505 2255
1543 1096 2116
280 1273 1618
1542 1095 2115
279 1272 1619
1088 1481 1620
450 1539 1620
578 1609 2239
1690 1177 1691
627 1176 1680
1548 1117 2060
870 1201 1623
452 1216 1623
871 1202 1624
454 1217 1624
1591 1118 1720
1421 1134 2272
597 1484 2238
844 1198 1626
229 1213 1627
834 1171 2133
230 1214 1628
833 1170 2134
2162 1101 2259
2245 1518 2274
2157 1102 2258
2249 1519 2276
835 1241 1631
593 1611 1631
848 1193 1708
1106 1521 1632
822 1175 1633
1173 1626 1633
858 1241 1634
835 1552 1634
604 870 1635
1959 1358 2424
605 871 1636
1975 1357 2138
932 1167 1637
793 1178 1637
449 1174 2243
597 1175 1638
1639 1182 2233
108 1182 1639
640 1228 1640
1640 1118 2289
2107 1480 2291
591 1168 1641
346 1484 2203
828 1641 1642
439 1595 2135
1643 1162 2242
847 1236 1644
1074 1550 1644
2328 1296 2931
846 1233 1645
867 1159 1646
1646 1159 2081
611 1208 1647
840 1212 1648
281 1227 1648
611 1647 1648
868 1160 1649
1649 1160 2082
837 1193 1650
1140 1571 1650
593 1241 1651
858 1248 1651
1616 1133 2149
586 1193 1652
859 1263 1653
437 1421 2272
594 1591 1720
584 1263 1654
2817 1311 2925
835 1631 2226
856 1612 2191
459 1253 1656
861 1281 2214
857 1263 1657
831 1221 1658
1619 1095 2176
832 1220 1659
1618 1096 2175
452 1201 1660
600 1220 1660
454 1202 1661
601 1221 1661
1636 1119 1662
605 1636 1662
1663 829 2208
73 1184 1663
1678 1090 2287
829 1572 1664
1676 1181 2217
1183 830 2225
1676 1089 2286
830 1573 1666
1635 1120 1667
604 1635 1667
1580 1219 1668
581 1580 1668
1581 1218 1669
582 1581 1669
1670 1095 2204
279 1619 2176
1671 1096 2206
280 1618 2175
608 1170 1672
833 1192 1672
607 1171 1673
834 1191 1673
852 1188 1674
414 1282 1674
848 1232 1675
285 1616 2149
809 1603 1676
1181 1665 2217
240 1204 1677
851 1607 1677
810 1604 1678
1678 1180 2216
850 1195 1679
1177 1621 1679
849 1194 1680
1176 1622 1680
577 1548 2060
464 1194 1685
104 1156 1682
855 1239 1682
1892 1348 2167
2050 1422 2733
852 1282 1684
678 1493 1684
638 1268 1685
1194 1681 1685
637 1267 1686
1686 1195 2284
603 1232 1687
455 1242 1687
853 1176 1688
24 1278 1688
478 1175 1689
822 1203 1689
854 1177 1690
63 1279 1690
1177 1679 1691
62 1690 1691
838 1222 1692
1132 1668 1692
839 1223 1693
1131 1669 1693
853 1278 1694
1151 1592 1694
854 1279 1695
1152 1593 1695
458 874 1723
1167 1607 2168
851 1204 1697
1154 1696 1697
843 1207 1698
1118 1640 2283
351 1258 1699
1121 1525 1699
893 1212 1700
840 1638 1700
78 1197 1701
841 1225 1701
39 1196 1702
842 1226 1702
1186 1217 1703
454 1221 1703
1189 1239 1704
855 1248 1704
1185 1216 1705
452 1220 1705
450 1230 2247
845 1168 2246
1657 1169 1707
857 1657 1707
455 1232 1708
1193 1632 1708
1560 1165 2148
2131 763 2577
1561 1166 2147
2132 764 2574
277 1192 1711
833 1214 1711
276 1191 1712
834 1213 1712
437 1653 1713
1857 1397 2449
460 1248 1714
1121 1699 1714
1562 1157 2187
860 1188 1715
461 1244 1716
585 1562 2187
11 1188 1717
860 1244 1717
115 1198 1718
844 1240 1718
1847 1588 2682
1719 1110 2079
859 1625 1720
1118 1654 1720
186 884 1721
630 1264 1721
641 1275 1722
353 1569 2052
2179 1486 2240
1154 1697 1723
2819 980 2859
2716 1373 2825
1769 1290 2946
2318 1725 2812
2835 1289 2909
1814 1295 2869
2335 990 2864
1829 1318 2897
1805 1293 2344
1771 1302 2385
2384 994 2814
2323 1288 2895
1897 999 2611
2375 1329 2566
2399 1765 2852
2329 1296 2893
2344 1293 2813
2483 1799 2851
1817 1342 2647
2195 1368 2754
2362 1734 2381
2381 1734 2902
1097 1568 2033
1877 996 2889
2444 1316 2467
2319 1736 2927
2347 1737 2815
561 1832 2815
2557 1319 2929
2438 1753 2840
1816 1291 2320
1901 1359 2665
1870 1331 2461
1954 1030 2601
2699 1389 2874
1414 1006 2369
2398 1745 2844
2585 1340 2856
1837 1377 2808
560 1494 2365
2399 537 2620
2620 1389 2700
2034 1336 2398
2421 1392 2487
2342 1295 2809
1760 1303 2845
2810 1755 2879
2805 535 2958
1957 1031 2705
2016 1055 2540
2330 1327 2382
1780 1288 2323
2419 1750 2816
2393 1315 2907
2833 1739 2842
2753 736 2918
2457 1308 2933
2568 1402 2926
1791 1310 2428
1327 1753 2382
553 1752 2336
1995 1374 2471
1934 1304 2669
1003 1426 2360
2669 1304 2865
2386 1026 2454
2339 1899 2879
2525 1304 2530
1758 1317 2824
1795 1392 2679
2312 1317 2831
2150 1345 2391
1766 1303 2437
2541 1798 2579
2173 1532 2622
1944 1338 2953
1846 1361 2401
2409 1375 2923
2174 1533 2625
1946 1343 2403
1764 1362 2326
2595 1362 2688
1931 1299 2588
2731 1337 2871
2464 1064 2465
2310 1303 2822
1791 1052 2472
2439 1767 2822
2378 1298 2854
2558 1319 2559
1798 1321 2515
2333 1290 2837
1824 1333 2619
2351 1770 2832
2307 1724 2818
2385 1302 2814
1772 1310 2615
2642 1337 2731
1498 1059 2499
2370 424 2823
2350 1298 2411
1774 1298 2445
1779 1356 2677
1775 1327 2330
1025 1440 1776
796 1509 2656
2387 1807 2951
1015 1458 2094
2868 1402 2877
2632 1778 2922
1779 1316 2444
2325 1729 2943
2445 1298 2881
2325 1738 2895
2557 1768 2559
2394 1729 2916
1782 1404 2592
759 1404 1782
1783 1321 2423
2423 1335 2662
2541 1320 2581
2466 1766 2510
1845 1349 2025
758 1434 2528
1951 1334 2836
1935 1008 2361
1091 1582 2127
1994 1308 2457
2708 1788 2709
2459 1788 2928
445 1164 1789
2589 1371 2920
444 1163 1790
2590 1370 2919
2769 1761 2887
2440 1446 2472
1792 1021 2434
555 1424 1792
1793 1018 2441
556 1425 1793
1762 998 2341
2334 1804 2817
2487 1392 2678
745 1393 1795
2185 1394 2562
1024 1507 1796
1797 1347 2415
2160 1466 2668
1814 1321 2516
550 1760 2581
2777 1763 2900
2043 1445 2483
548 1411 2392
2043 1444 2448
434 1408 1801
1069 1597 1801
1900 1350 2531
2909 1747 2910
2158 1461 2660
2093 1346 2772
1552 1153 2066
539 1440 1804
2475 335 2861
2345 1728 2813
1806 1450 2452
804 1457 1806
2053 1323 2387
1059 1498 1807
2337 1309 2429
1808 1309 2598
2383 1328 2821
2186 1453 2488
2508 1777 2904
545 1499 2508
2511 1020 2885
2353 1406 2504
1841 1326 2546
2129 1094 2763
1844 1325 2544
1785 1349 2659
2423 1321 2514
2427 1295 2478
2469 1497 2634
1006 1583 1815
227 1508 1816
1816 1508 2646
2859 1341 2867
2808 538 2960
2467 1316 2498
2638 2384 2928
2231 1441 2752
1025 1541 1819
2677 1356 2689
1820 1295 2427
2619 1333 2911
1821 1014 2691
2372 1739 2918
2366 1822 2858
2520 1797 2668
1325 1813 1823
1967 1333 2618
428 1455 2151
2523 1803 2660
1326 1812 1825
2071 1557 2676
2358 1301 2956
2326 1362 2894
1849 1379 2707
1828 1345 2150
2391 1345 2591
1941 1318 2560
2506 1070 2728
1941 1384 2404
1092 1830 2737
1968 1307 2395
1029 1430 1969
787 1482 1950
1974 1044 2857
2595 725 2905
1833 1315 2393
2363 1054 2405
1553 1084 2663
2675 1835 2860
2318 2049 2860
2580 1835 2581
728 1769 2458
2038 1377 2526
2315 1837 2808
2484 1810 2779
1773 1290 2823
1903 1443 2572
1839 1036 2616
549 1445 2435
783 1438 1882
1812 1326 2545
1057 1438 2390
1172 1481 2605
1010 1495 1842
551 1446 2436
784 1437 1881
1813 1325 2543
1055 1437 2376
1063 1895 2447
425 1785 2659
1846 1360 2870
998 1762 2624
182 1588 1847
1110 1719 1847
2393 1730 2957
2810 1747 2908
2638 1788 2708
2309 1289 2807
1929 1301 2368
2379 1737 2496
1926 1367 2692
2347 1850 2496
2692 1367 2693
1852 1367 2343
2364 1322 2829
1925 1329 2040
2811 1297 2966
2315 1733 2884
2369 1741 2932
2622 1855 2643
804 1454 1856
1013 1546 1856
274 1397 1857
590 1612 1857
772 1403 1858
2213 1503 2575
1996 1380 2784
562 1419 1859
800 1401 1860
1860 1372 2065
2522 1355 2532
846 1645 1861
1862 1463 2597
762 1463 1862
2158 1086 2570
1863 1086 2159
1054 1403 2405
1893 1376 2413
1187 1436 1865
1019 1588 1865
1547 1093 2645
786 1435 1866
1867 1038 2476
2504 1406 2914
2119 1357 2706
1090 1664 1868
801 1395 1869
1016 1517 1998
348 1519 1870
1074 1644 2461
1871 1033 2538
786 1513 1871
347 1518 1872
1872 1330 2462
1038 1406 1873
2267 1464 2500
430 1875 2723
1089 1666 1874
1958 1353 2796
2548 1748 2571
1955 1352 2795
1030 1550 2601
1944 1339 2551
1339 2338 2852
338 1413 1878
1598 1087 2655
445 1416 1879
800 1427 1879
2743 1794 2744
576 1476 1880
2643 1761 2769
1312 1843 1881
2641 1763 2777
1313 1840 1882
2296 1455 2563
1859 1380 2636
1884 1385 2574
1884 1399 2495
444 1417 1885
801 1423 1885
2007 1366 2757
1366 1875 1886
1887 1386 2577
1887 1396 2492
271 1511 1888
1035 1512 1888
2006 1365 2756
1365 1876 1889
1002 1508 1890
1890 1307 2793
1789 1164 2967
1891 1062 2512
2036 1348 2657
572 1492 1892
1942 1376 2765
1348 1892 2651
2396 1786 2836
2336 1043 2826
1790 1163 2968
1895 1063 2513
2471 1374 2685
999 1764 1896
1897 1315 2667
1896 1374 2611
1878 1413 2729
2244 1490 2529
1899 1304 2525
1350 1802 2531
2371 744 2847
334 1458 1900
2084 1524 2606
2753 1822 2949
1956 1429 2738
1132 1442 1902
777 1145 1903
1131 1443 1903
349 1571 1904
818 1596 1904
1830 1092 2649
2075 1390 2694
2320 1402 2568
1307 1890 1906
2109 1482 2578
787 1520 1907
540 2307 2818
1896 1764 2481
1938 1439 2593
1033 1594 1909
813 1542 2076
2637 1922 2762
1010 1410 1911
1495 1010 2653
1809 1398 2780
1073 1601 1912
441 1556 2681
342 1809 2780
2356 1914 2775
2353 1744 2700
1987 1400 2696
1157 1562 2293
1040 1510 1916
1298 1774 2411
563 1520 1917
1044 1535 1917
2372 1359 2664
1359 1901 2606
778 1135 1919
579 1412 1919
1920 1300 2418
1350 1900 2371
1017 1453 1921
1921 1452 2402
573 1585 2637
807 1586 1922
1923 1485 2626
1110 1485 1923
2452 1450 2536
2536 799 2924
2322 1730 2566
421 1426 1925
2054 1487 2800
1926 1487 2463
344 1534 1927
2450 753 2901
1877 1337 2642
1310 1791 1928
1028 1826 1929
1301 1850 2368
590 1857 2449
437 1713 1930
2445 1735 2913
2399 1744 2588
1309 1799 1932
1935 1341 2633
592 1467 1933
1933 1467 2479
2530 1014 2941
1997 1363 2748
1946 1342 2936
1342 1817 2443
1027 1448 1936
1067 1528 1993
1937 753 2609
1065 1837 2450
1410 2209 2697
757 1439 2533
1943 1414 2940
2328 1741 2888
997 1492 1940
2285 1496 2726
2373 1384 2635
1318 1829 2560
1940 1364 2734
1864 1376 2451
1990 1414 2684
2085 1330 2630
2576 986 2890
731 1928 1944
1140 1449 1945
1072 1460 2023
2331 1733 2853
1932 1343 2539
1905 1390 2727
2635 1384 2782
1948 1012 2469
1012 1497 2469
762 1464 1949
1949 1464 2267
1950 1305 2670
345 1851 1950
1894 1334 2486
1307 1906 2395
2388 1387 2841
1952 1345 2776
2040 1329 2375
2841 1387 2965
781 1868 2719
2603 1740 2750
2719 1868 2795
1030 1954 1955
1956 1511 2414
776 1511 1956
2522 1748 2548
1861 1355 2705
2118 1358 2711
2722 1874 2796
2710 1958 2711
846 1861 1959
544 1401 1960
1344 1811 2511
2430 1811 2914
1401 1879 2215
1963 1468 2374
1962 1541 2621
1029 1467 1963
592 1468 1963
1087 1617 1964
1878 1087 2629
793 1536 2714
1137 1566 1965
1966 1107 2735
440 1451 1966
2832 1770 2911
2480 1459 2794
2359 1405 2613
1831 1307 2408
1076 2028 2602
1969 1430 2474
802 1417 1985
571 1434 1970
273 1517 1971
1016 1408 2433
1408 1016 2760
1801 1408 2760
1883 1381 2764
1964 1383 2629
561 1807 2921
1044 1520 2416
847 1550 1975
2703 1955 2706
836 1587 1976
572 1683 1976
1023 1393 1977
1384 1941 2782
1023 1390 1978
575 1478 2099
2494 1783 2662
1300 1838 2418
803 1416 1981
570 1447 1980
2521 1789 2920
1981 1371 2787
421 1387 1982
746 1426 2386
1610 1512 1983
350 1610 1983
438 1463 1984
1012 1948 1984
2518 1790 2919
1985 1370 2770
806 1468 1986
592 1615 1986
761 1400 2600
274 1857 1987
447 1449 1988
817 1555 1988
338 1878 2629
1381 1883 1989
443 1583 1990
814 1589 2684
588 1514 2258
813 1910 1991
815 1124 1992
589 1515 2259
733 1828 1993
1993 1528 2639
1994 760 2614
2432 1751 2933
1995 1043 2614
760 1475 2614
799 1450 1996
2244 1380 2671
1027 1579 2224
542 1448 1997
1998 1517 2773
1391 1972 1998
1496 1940 2726
1999 1492 2746
1088 1539 2171
1034 1439 2000
1866 1435 2565
1034 2000 2001
2002 783 2755
1326 1841 2002
2003 784 2758
1325 1844 2003
827 1563 2004
1119 1636 2004
826 1564 2005
1120 1635 2005
1018 1793 2596
768 1462 2006
1021 1792 2617
767 1465 2007
1153 1655 2460
1804 1440 2556
735 1608 2715
1054 1864 2451
2193 1486 2583
580 1696 2583
1908 1373 2903
423 1786 2396
2562 1394 2797
1073 1433 2124
2344 1781 2929
1039 1800 2448
442 1576 2014
2014 1494 2683
1065 1534 2015
1534 1969 2015
2410 1077 2849
1055 1551 2540
1083 1608 2017
563 1917 2017
449 1208 2018
1146 1531 2018
2455 1740 2482
1057 1863 2019
576 1538 2020
1190 1554 2020
1036 1443 2021
351 1525 2021
751 1821 2535
1045 1549 2406
447 1574 2023
2023 1460 2527
803 1558 2024
1558 1961 2024
1349 1785 2025
571 1845 2025
591 1641 2026
2001 1351 2698
2027 1323 2453
2027 1535 2599
1076 1405 2028
2028 1405 2647
564 1456 2029
2426 1782 2666
1037 1522 2030
273 1545 2030
1504 1151 2031
867 1504 2031
1506 1152 2032
868 1506 2032
2552 1774 2594
2327 1299 2377
2321 1340 2872
1993 1828 2761
225 1528 2035
2355 1742 2872
2167 1348 2519
2592 1404 2657
794 1431 2037
438 1984 2037
729 1831 2408
2526 1377 2942
1053 1474 2039
2412 1727 2420
421 1925 2040
1322 1953 2040
1108 1432 2182
439 1643 2041
1538 1127 2042
1122 1538 2042
1050 1444 2043
748 1445 2043
1049 1445 2044
1080 1502 2524
335 1444 2045
2827 1732 2959
1049 1502 2046
426 1812 2545
1051 1471 2047
2658 1813 2659
1051 1446 2048
1064 1471 2466
1784 1332 2612
1557 1143 2798
512 935 2584
1068 1614 2050
797 1878 2729
440 1428 2051
1056 1612 2052
856 1722 2052
774 1499 2053
1060 1858 2453
345 1482 2054
805 1487 2054
2170 1409 2194
577 1592 2055
578 1593 2056
1116 1609 2056
579 1135 2057
1135 1457 2057
2058 1058 2473
585 1451 2473
1058 1412 2059
1400 1915 2102
849 1622 2060
1117 1681 2060
2037 1431 2673
2061 1431 2791
1311 1804 2556
1025 1441 2062
1145 1432 2063
2063 1432 2792
2064 1536 2640
1147 1536 2064
1011 1483 2065
2065 1483 2547
1114 1552 2066
1153 2008 2066
1980 1371 2589
993 1488 2093
1970 1370 2590
1347 1845 2068
761 1569 2069
2069 1199 2674
1112 1447 2070
2470 1510 2768
1885 1417 2252
802 1557 2071
226 1568 2072
2072 1344 2885
1082 1608 2073
735 1942 2073
2686 757 2952
1351 2000 2074
785 1480 2694
575 1978 2075
229 1627 2076
1103 1910 2076
1928 1791 2555
551 1843 2077
1105 1570 2078
230 1628 2078
1110 1923 2751
184 1719 2079
1019 1436 2080
1126 1617 2255
1130 1489 2081
1489 1646 2081
1129 1491 2082
1491 1649 2082
1932 1799 2553
549 1840 2083
1000 1513 2604
569 1524 2084
1077 1532 2849
1330 1872 2630
573 1500 2704
795 2041 2086
2365 1743 2934
1078 1533 2089
2012 1394 2717
1134 1421 2088
1533 2019 2089
2120 1331 2509
1032 1576 2090
442 1991 2090
819 1560 2091
1116 2056 2091
820 1561 2092
1115 2055 2092
2417 1803 2772
2093 1488 2725
1459 2094 2794
2094 1459 2484
545 1459 2095
772 1503 2125
1115 2092 2194
789 1548 2096
1035 1511 2097
776 1902 2097
1116 2091 2198
788 1609 2098
1023 1479 2212
1479 1978 2099
1071 1472 2100
2680 1913 2681
1079 1595 2101
777 1839 2101
579 2057 2102
1915 2059 2102
782 1424 2549
555 1537 2103
781 1425 2542
556 1540 2104
1032 1586 2105
344 1927 2105
349 1904 2586
1364 1940 2106
828 1478 2107
575 1480 2107
792 1999 2733
2108 1422 2702
1072 1574 2109
805 2054 2109
552 1474 2506
1053 1475 2110
821 1243 2701
1024 1575 2111
1484 1174 2112
1100 1484 2112
1138 1597 2113
583 1965 2113
1921 1453 2654
1930 1473 2517
229 1542 2115
1095 1619 2115
230 1543 2116
1096 1618 2116
857 1707 2117
1150 1713 2117
568 1573 2118
2424 1358 2781
567 1572 2119
2138 1357 2771
2482 1740 2603
1331 2087 2509
1075 1645 2462
2571 1748 2720
837 1571 2122
1106 1632 2122
2123 1073 2650
798 1567 2650
1098 1601 2163
1433 2012 2124
1066 1553 2125
1503 2095 2125
1080 1411 2126
1094 1578 2128
2505 1787 2713
427 1918 2127
749 2070 2128
1578 2126 2128
426 1578 2129
1094 1488 2763
1094 1447 2130
570 1488 2130
1141 1709 2131
763 1396 2577
1142 1710 2132
764 1399 2574
1171 1500 2133
1103 1627 2133
1170 1501 2134
1105 1628 2134
1079 1615 2135
1162 1643 2135
2169 1420 2963
436 1560 2148
574 1501 2789
794 2037 2137
847 1975 2138
827 2004 2771
2170 1418 2962
435 1561 2147
821 1575 2140
1146 2018 2140
1069 1487 2141
583 1530 2292
858 1634 2142
1121 1714 2142
1054 1559 2143
270 1858 2143
1013 1452 2144
765 1473 2144
1472 1478 2145
828 1642 2145
817 1449 2146
1133 1577 2305
1166 1710 2147
1142 2139 2147
1165 1709 2148
1141 2136 2148
1133 1652 2149
848 1675 2149
2487 1745 2567
1336 1828 2150
1084 1553 2151
2151 1553 2623
2296 1456 2745
564 1834 2152
1161 1477 2250
789 2096 2153
1158 1470 2265
788 2098 2154
791 1476 2155
2020 1554 2607
1013 1473 2220
274 1546 2156
442 1590 2157
1514 1991 2157
566 1461 2570
1365 1889 2756
1354 1863 2159
1086 1889 2159
565 1466 2161
1366 1886 2757
1085 1551 2161
1466 2160 2161
443 1589 2162
1515 1992 2162
747 2088 2163
1601 2124 2163
434 1147 2164
790 1408 2164
1037 1606 2165
352 1681 2165
1112 1510 2271
1040 1568 2166
1123 1683 2167
572 1892 2167
851 1696 2168
580 2064 2168
1407 2098 2198
599 2154 2169
2139 1418 2170
1409 2096 2194
2026 1351 2799
591 2026 2799
1369 1795 2172
441 1913 2172
267 1437 2173
1055 1532 2173
269 1438 2174
1057 1533 2174
832 1659 2175
1096 1671 2175
831 1658 2176
1095 1670 2176
608 1211 2221
931 1580 2177
607 1210 2222
930 1581 2178
1037 1545 2179
790 2010 2179
2409 1880 2912
791 1529 2180
1036 1525 2181
1121 2142 2181
795 1526 2182
1432 2041 2182
1109 1431 2183
794 1527 2183
569 1516 2184
1091 1524 2184
747 2012 2717
594 1625 2185
765 1921 2654
342 1601 2186
860 1715 2187
1157 1716 2187
1555 1200 2188
1137 1555 2188
820 1504 2189
595 1561 2189
819 1506 2190
596 1560 2190
1169 1656 2191
590 1707 2191
1071 1556 2192
1479 2099 2192
874 1606 2240
1154 1723 2193
435 2139 2194
2139 2170 2194
1007 1576 2754
1032 2105 2195
1113 1641 2291
785 1547 2196
1087 1598 2197
1617 2197 2255
436 2136 2198
2136 2169 2198
813 1514 2199
1095 1542 2204
815 1515 2200
1096 1543 2206
1047 1594 2201
2759 1762 2923
769 1472 2202
449 1531 2631
1472 2145 2203
1100 2202 2203
588 1670 2204
1542 2199 2204
2205 1477 2802
789 2153 2205
589 1671 2206
1543 2200 2206
1123 1436 2207
836 1683 2207
829 1664 2216
72 1663 2208
2209 1410 2608
547 1529 2608
1399 1130 2295
808 1537 2210
1396 1129 2294
811 1540 2211
441 2172 2212
1479 2192 2212
1060 1499 2213
545 1503 2213
459 1656 2214
1169 1657 2229
1020 1960 2215
1416 2024 2215
1090 1678 2216
1180 2208 2216
830 1666 2217
1089 1676 2217
569 1523 2218
1093 1544 2218
2218 1544 2219
569 2218 2219
1473 1930 2220
1397 2156 2220
1109 1527 2221
206 2177 2221
1108 1526 2222
205 2178 2222
599 2169 2963
1164 1427 2223
1363 1997 2224
1045 2022 2224
34 1183 2225
830 1665 2225
433 1655 2226
1122 2042 2226
593 1651 2227
855 1682 2227
1002 1831 2474
448 1509 2228
584 1698 2229
861 2214 2229
598 2170 2962
1163 1423 2230
775 2062 2661
272 1469 2231
587 1552 2232
1469 2181 2232
1128 1639 2233
791 2155 2233
798 1912 2537
2678 1795 2785
1871 1513 2712
1000 1901 2235
1144 1902 2738
438 2037 2673
346 1168 2237
1173 1633 2238
845 1706 2238
1484 2237 2238
1139 1610 2239
850 1621 2239
1037 2179 2240
1486 2193 2240
554 1598 2626
1019 1505 2241
807 1585 2242
1104 1643 2242
1174 1638 2243
840 1647 2243
562 1859 2636
446 1490 2671
814 1518 2245
1101 1589 2245
1168 1539 2246
450 1706 2246
844 1626 2247
1173 1706 2247
852 1684 2248
1107 1966 2248
812 1519 2249
1102 1590 2249
1477 2153 2250
598 2230 2250
574 1570 2251
1105 2134 2251
1395 1885 2252
1417 2071 2252
2036 1404 2582
1505 2080 2253
754 2036 2582
759 1617 2254
554 2241 2255
1505 2253 2255
1083 1535 2256
270 1559 2256
1099 1613 2257
1146 2140 2257
1102 1630 2258
1514 2157 2258
1101 1629 2259
1515 2162 2259
780 1582 2260
1091 2184 2260
816 1583 2261
443 1992 2261
1128 1554 2262
107 1639 2262
873 1443 2263
1131 1693 2263
872 1442 2264
1132 1692 2264
1470 2154 2265
599 2223 2265
274 1987 2696
804 1546 2280
343 1497 2267
1497 1949 2267
1080 1578 2268
426 2046 2268
1386 1891 2269
1141 2131 2269
226 1558 2271
803 1980 2270
1510 2166 2271
1558 2270 2271
1134 1625 2272
859 1653 2272
769 1613 2273
1556 2100 2273
824 1629 2274
1101 2245 2274
1385 1895 2275
1142 2132 2275
825 1630 2276
1102 2249 2276
440 2051 2277
1412 2058 2277
2278 1413 2786
778 1919 2278
1165 1491 2279
763 1709 2279
1125 2057 2280
1546 2266 2280
1166 1489 2281
764 1710 2281
806 1541 2282
1541 1962 2282
584 1654 2283
843 1698 2283
850 1610 2284
350 1686 2284
349 2106 2749
792 2108 2285
809 1676 2286
1424 2103 2286
810 1678 2287
1425 2104 2287
1107 1493 2288
779 1428 2735
1118 1591 2289
207 1640 2289
271 1470 2290
2547 1483 2747
828 2107 2291
1480 2196 2291
805 1574 2292
1530 2141 2292
2293 1562 2730
761 2069 2293
1018 1396 2441
1129 2211 2294
1021 1399 2434
1130 2210 2295
1061 1456 2425
1084 2151 2745
344 1586 2479
1029 1534 2297
232 1577 2298
1133 1616 2298
1119 1563 2299
75 1662 2299
1120 1564 2300
36 1667 2300
853 1592 2301
577 1622 2301
854 1593 2302
578 1621 2302
789 1522 2303
1117 1548 2303
585 1715 2304
852 2248 2304
586 1652 2305
1577 2146 2305
1122 1611 2306
823 2020 2306
2308 1724 2819
2475 1732 2827
423 2011 2716
1808 1341 2859
2846 1848 2891
2835 2319 2927
2839 2314 2840
2845 983 2964
2805 2311 2902
2309 1747 2909
2373 1758 2824
1322 1853 2829
2813 1728 2955
1316 1779 2497
991 1746 2314
2314 1746 2878
2811 2315 2884
753 1837 2315
1296 1855 2316
1077 2085 2316
1297 1854 2317
1078 2087 2317
995 1836 2333
228 2049 2318
204 1849 2501
2311 1726 2835
2753 1739 2833
227 1816 2320
1454 1005 2898
1742 2321 2872
2595 1833 2957
2322 1329 2950
2554 2323 2895
422 1780 2323
2324 1288 2806
1288 1780 2806
2324 1729 2882
2677 1775 2834
1292 1764 2326
2326 988 2862
2399 1299 2830
1299 1931 2377
752 1914 2699
2316 1741 2931
2874 1731 2893
986 1761 2329
981 1749 2554
1738 2325 2834
987 1763 2331
2625 1854 2641
1301 1826 2956
1290 1773 2332
1725 2318 2333
2358 1725 2848
539 1804 2334
2624 1846 2870
2312 1727 2864
2506 1829 2897
739 1754 2685
1308 1994 2336
2337 2045 2851
2337 1732 2861
2338 1339 2890
2329 1731 2890
2386 1756 2865
1304 1899 2339
2340 1747 2810
1294 1802 2340
1762 2341 2923
2460 1794 2925
2319 1726 2954
1321 1814 2514
1972 1391 2944
2343 1391 2939
726 1781 2344
2558 1805 2929
2814 2313 2955
2819 2307 2959
2346 1292 2862
988 1771 2862
1001 1850 2347
1305 1851 2347
2913 1735 2930
2348 1337 2889
543 1848 2349
1314 2322 2349
2838 1768 2880
2348 1735 2881
1081 1770 2351
1989 1883 2788
1331 1870 2352
560 2087 2352
1009 1406 2353
2588 1744 2915
2432 1752 2868
2486 1041 2876
2843 2355 2844
2402 1742 2948
1038 1873 2500
1009 1914 2356
1827 1379 2357
2357 1362 2905
727 1850 2358
1290 2332 2837
1008 1405 2359
740 1951 2836
746 1755 2360
2360 1755 2820
1008 1786 2361
1341 1935 2361
2362 1335 2573
744 1979 2362
1324 1864 2363
564 2029 2363
1317 1759 2831
1953 1322 2937
2365 1007 2609
2934 1743 2966
1360 1822 2366
539 2334 2366
1014 1821 2367
1333 1967 2367
1001 1852 2368
546 1929 2368
2369 1939 2888
1006 1939 2369
1290 1769 2823
1046 1838 2370
1015 1920 2371
2381 1350 2847
2372 1751 2842
2493 1751 2866
1318 1941 2404
745 1758 2373
1029 1963 2374
1468 2282 2374
979 1853 2375
1322 2040 2375
565 1551 2376
1437 1844 2376
1097 2033 2377
738 2327 2377
2806 1780 2854
1298 2350 2854
1773 1059 2899
2332 1773 2899
1059 1807 2380
1737 2379 2380
2340 1802 2935
744 2362 2847
2382 1753 2828
981 2330 2382
1398 1809 2383
985 2234 2383
2498 1818 2638
994 2313 2814
540 1771 2385
1728 2345 2385
1026 1448 2454
1426 1982 2386
1323 1974 2387
774 2053 2387
1936 1448 2388
733 1936 2841
1373 1908 2389
1292 2346 2389
1438 1841 2390
1086 1863 2570
1022 1759 2591
536 2150 2391
2559 1768 2838
1411 1800 2392
1329 2322 2566
2850 1730 2961
2883 2313 2916
2394 1779 2943
1041 1951 2395
740 1968 2395
1334 1894 2396
1042 2011 2396
1911 1410 2397
110 1911 2397
1336 2150 2567
737 2034 2398
2338 1731 2687
996 1765 2830
1042 1894 2485
1373 2011 2400
1360 1846 2401
1361 1901 2401
2898 2321 2906
1017 1921 2402
987 1946 2403
1343 2083 2403
990 2335 2404
1384 2373 2404
1403 1834 2405
564 2363 2405
799 1859 2406
1419 2022 2406
1339 1944 2576
1338 2077 2407
1307 1968 2408
1076 2038 2408
770 1880 2409
1047 2201 2409
1330 2085 2410
741 2121 2410
2411 1774 2552
1768 2350 2880
2412 2039 2863
1053 2039 2816
1376 1864 2413
429 1893 2413
1011 1956 2414
271 2290 2414
339 1465 2415
1465 1797 2415
787 1832 2416
2416 1832 2857
340 1462 2417
1462 1803 2417
744 1920 2418
1046 1979 2418
1315 1897 2503
1306 1853 2419
1727 2312 2420
1306 2412 2420
1317 1758 2421
536 2391 2421
2779 1810 2904
424 1838 2422
1726 2311 2805
1335 1979 2662
846 1959 2424
826 2005 2781
756 1973 2425
1456 2296 2425
759 1782 2426
1383 1964 2426
983 1746 2478
991 1820 2427
1310 1753 2428
1052 1791 2428
1309 1808 2429
1732 2337 2886
544 1811 2430
1038 1867 2430
337 1475 2431
2039 2412 2816
982 1751 2432
1308 1752 2432
790 1545 2433
1545 1971 2433
555 1792 2434
1399 2295 2434
2435 1049 2755
783 1840 2755
2436 1051 2758
784 1843 2758
1303 1760 2437
550 1766 2437
336 1767 2438
1052 2428 2438
1303 1766 2439
750 1767 2439
750 1446 2440
1052 1767 2440
556 1793 2441
1396 2294 2441
1342 1946 2853
1405 1817 2647
1817 1935 2443
732 1932 2539
2689 1356 2690
1356 1779 2444
422 2348 2881
738 1774 2445
1346 2067 2446
340 2417 2446
1347 2068 2447
339 2415 2447
1444 2013 2448
748 2043 2448
1150 2117 2449
1397 2220 2449
1937 1368 2901
1368 1927 2901
1376 1942 2451
735 2009 2451
1005 1454 2452
1454 1806 2452
270 2027 2453
1323 2053 2453
542 1756 2454
1756 2386 2454
431 1954 2455
1354 2159 2455
2456 1314 2846
1004 1827 2846
1308 2432 2933
760 1994 2457
2458 1769 2946
2333 1836 2946
1302 1771 2459
988 2357 2709
433 1794 2460
1311 2008 2460
348 1870 2461
1331 2120 2461
347 1872 2462
1330 2121 2462
1069 1801 2463
766 1926 2463
425 1471 2464
550 1784 2510
758 1785 2465
1785 2464 2465
750 1766 2466
1471 2048 2466
1736 2319 2467
743 2444 2467
1067 2034 2468
1340 2035 2468
816 1584 2469
1584 1948 2469
1411 1916 2470
749 2126 2470
1043 1995 2471
2471 1754 2826
551 1791 2472
1052 2440 2472
1058 1562 2473
1451 2058 2473
729 1969 2474
1430 2228 2474
1293 1805 2475
335 2045 2861
1038 1464 2476
1372 1867 2740
1097 1931 2477
1344 2072 2477
1295 1814 2478
1746 2427 2478
807 1933 2479
1467 2297 2479
1066 1459 2480
1333 1824 2618
739 1896 2481
1292 1908 2481
742 2019 2482
1354 2455 2482
549 1799 2483
1050 2043 2483
545 1810 2484
1015 2094 2484
1754 2400 2485
553 2336 2826
1334 1951 2486
553 1894 2876
1328 1745 2821
536 2421 2487
1328 1809 2843
342 2186 2488
2489 872 2947
1035 2097 2489
1048 1898 2490
1381 1989 2490
1458 1757 2491
2491 1757 2941
1018 1462 2492
340 1887 2492
427 1787 2493
1787 2457 2493
1046 1769 2494
1321 1783 2515
1021 1465 2495
339 1884 2495
1737 2347 2496
727 2379 2496
994 1818 2497
1779 2394 2497
1316 1818 2498
1736 2467 2498
424 1498 2499
1059 1773 2499
343 2267 2500
1873 2356 2500
2501 1849 2807
1736 2498 2501
2566 1730 2907
1750 2419 2502
337 2431 2503
1750 2502 2503
734 2353 2504
1344 2477 2504
760 1787 2505
1474 2110 2505
1070 1582 2728
1474 2505 2506
806 1986 2534
1441 1819 2752
1499 1777 2508
1777 2422 2904
1078 2089 2509
742 2120 2509
1784 2465 2510
1064 2466 2510
1811 1960 2511
1020 1961 2885
1789 2512 2920
773 1891 2512
1790 2513 2919
771 1895 2513
2514 1814 2869
535 2423 2514
728 1836 2579
1783 2494 2515
1321 1798 2516
983 1814 2516
1421 1930 2517
765 2114 2517
444 1790 2518
1370 1985 2518
1348 2036 2519
1123 2167 2519
1347 1797 2610
1466 1823 2520
445 1789 2521
1371 1981 2521
741 2016 2522
1355 1861 2532
993 2093 2772
1461 1825 2523
748 1800 2524
1502 2044 2524
1304 1934 2530
334 1899 2525
1065 2015 2526
729 2038 2526
818 1945 2527
447 2023 2527
2025 1785 2528
1434 2025 2528
1413 1898 2786
1048 2244 2529
1014 1967 2941
1757 2525 2530
2531 1802 2628
334 1900 2531
1075 2121 2532
741 2522 2532
1010 1842 2533
1439 1938 2533
1079 2101 2534
1415 2507 2534
2224 2022 2535
1363 2224 2535
799 1549 2924
1005 2452 2536
1369 1913 2537
1398 2234 2537
1033 1435 2538
786 1871 2538
1343 1946 2539
2539 1946 2936
2522 2016 2540
1748 2522 2540
2541 1760 2964
2516 1798 2964
1090 1868 2542
1425 2287 2542
1325 2003 2543
2003 2047 2543
1325 1823 2544
565 1844 2544
1326 2002 2545
2002 2046 2545
1326 1825 2546
566 1841 2546
800 1860 2547
1860 2065 2547
430 1957 2548
1355 2522 2548
1089 1874 2549
1424 2286 2549
1033 1871 2550
1375 2201 2550
996 1877 2551
731 1944 2551
1040 1916 2552
548 2411 2552
1343 1932 2553
549 2083 2553
1749 2323 2554
1738 2330 2554
1338 1928 2555
551 2077 2555
775 2008 2556
1440 2062 2556
989 1768 2557
1805 2344 2929
335 1805 2558
1039 2013 2559
1319 2557 2559
2013 2558 2559
780 1830 2560
1830 1941 2560
762 1862 2561
1011 2065 2561
1024 1796 2797
594 2185 2562
1081 1883 2563
756 2296 2563
1333 2367 2911
1081 2563 2564
432 1866 2565
1034 2001 2565
979 2375 2566
1730 2393 2907
1745 2398 2567
536 2487 2567
1041 1906 2926
227 2320 2568
1361 1846 2569
341 1871 2712
1461 2158 2570
1863 2390 2570
1085 1886 2571
430 2548 2571
1036 1839 2572
777 1903 2572
1734 2362 2573
1335 2423 2573
1399 1884 2574
1385 2132 2574
772 1858 2575
1060 2213 2575
986 2329 2890
2576 1944 2953
1396 1887 2577
1386 2131 2577
787 1907 2578
1072 2109 2578
1798 2515 2579
1320 2541 2579
995 1835 2580
1320 1836 2580
1760 2541 2581
1320 2580 2581
1126 2253 2582
1404 2254 2582
1486 2010 2583
1154 2193 2583
606 1521 2702
1422 2050 2584
1005 1924 2856
225 2035 2585
1082 2073 2586
1364 2106 2586
1383 1973 2587
1381 2490 2587
734 1931 2915
1299 2399 2588
570 1980 2589
1062 2067 2589
571 1970 2590
1063 2068 2590
1345 1952 2591
1759 2391 2591
1324 2029 2666
429 2413 2592
1034 1909 2593
547 1938 2593
738 2033 2594
1040 2552 2594
999 1833 2595
725 1827 2905
781 1876 2596
1365 2006 2596
1429 1862 2597
438 2236 2597
1341 1808 2633
1309 1932 2598
1044 1974 2599
1323 2027 2599
1056 1569 2600
1400 1987 2600
2455 1954 2601
1740 2455 2601
1377 2038 2602
2442 1733 2960
1074 2120 2603
742 2482 2603
1093 1523 2644
1523 2084 2604
1842 1495 2605
2605 1481 2952
1524 1918 2606
1000 2084 2606
576 2020 2607
1128 2155 2607
1410 1938 2608
1529 2209 2608
1007 1937 2609
1743 2365 2609
992 1845 2610
1797 2520 2610
999 1896 2611
337 1897 2892
758 1784 2612
1332 2049 2612
1076 1968 2613
740 2359 2613
1043 1994 2614
1475 1995 2614
422 1749 2871
1310 1928 2615
1036 1469 2616
272 1839 2616
782 1875 2617
1366 2007 2617
755 1967 2618
1824 2480 2618
428 1824 2619
1770 2564 2619
1389 1914 2700
1744 2399 2620
1025 1776 2621
2621 1776 2656
1077 1855 2622
267 2173 2622
1066 1824 2623
428 2151 2623
2569 1846 2624
341 2569 2624
1078 1854 2625
269 2174 2625
1155 1923 2626
1485 2241 2626
1028 1929 2627
1395 2252 2627
1294 1899 2628
334 2531 2628
1087 1964 2629
1383 2587 2629
1872 1943 2630
559 2085 2630
1100 2112 2631
1531 2202 2631
2366 1778 2632
539 2366 2632
732 1935 2633
1808 2598 2633
1006 1815 2774
816 2469 2634
1947 1977 2635
745 2373 2635
1048 1989 2636
1380 2244 2636
1378 1910 2637
1585 1922 2637
1818 2384 2638
204 2498 2638
1027 1936 2639
1936 1993 2639
793 1637 2640
1167 2064 2640
2884 2331 2917
269 2625 2641
731 1877 2642
1772 2615 2642
2643 1855 2855
267 2622 2643
786 1866 2644
1523 2604 2644
432 1547 2645
1093 1866 2645
1776 2632 2922
1291 1816 2646
538 2028 2647
1342 2442 2647
1092 1544 2648
1390 1905 2694
268 1830 2649
1092 1905 2649
1073 1912 2650
1567 2123 2650
1892 1893 2651
1404 2036 2657
1143 1557 2652
802 1970 2652
111 1495 2653
1010 1911 2653
1098 2114 2654
1453 2186 2654
797 1598 2655
1087 1878 2655
1509 1962 2656
1962 2621 2656
429 2592 2657
1348 2651 2657
992 1813 2658
1349 1845 2658
1813 2543 2659
1349 2658 2659
768 2158 2660
1461 2523 2660
1114 2066 2661
1441 2231 2661
1783 2423 2662
1046 2494 2662
772 1553 2663
1084 1834 2663
1359 1918 2664
1751 2372 2866
736 1901 2665
1359 2372 2665
1061 2426 2666
1782 2592 2666
1315 1833 2667
999 1897 2667
767 2160 2668
1466 2520 2668
542 1934 2669
1304 2339 2865
1305 1832 2670
787 1950 2670
1380 1996 2671
1490 2244 2671
563 1596 2672
1460 1907 2672
1431 2061 2673
1144 2236 2673
461 1716 2674
1157 2069 2674
1332 1784 2675
550 1835 2675
228 1826 2676
1028 2071 2676
991 1775 2689
541 1779 2677
1392 1795 2678
985 2383 2821
1392 1758 2679
745 1795 2679
1099 1567 2680
798 1913 2680
1556 2273 2681
1099 2680 2681
1485 1847 2682
1019 2241 2682
812 1590 2683
1590 2014 2683
1414 1943 2684
1589 1990 2684
1374 1896 2685
1754 2471 2685
1088 2074 2686
757 1842 2952
537 2338 2687
1389 2620 2687
1362 1764 2688
999 2595 2688
743 1820 2690
1775 2677 2689
1356 2444 2690
1820 2689 2690
1363 1821 2748
1014 1934 2691
1001 1851 2693
1487 1926 2800
1367 1852 2693
1851 2692 2693
1480 2075 2694
1905 2648 2694
573 1910 2695
1103 2133 2695
1400 2102 2696
1125 2266 2696
791 2233 2697
1182 2397 2697
432 2001 2698
1351 2026 2698
2687 1731 2874
1296 2328 2893
1009 2353 2700
1744 2620 2700
231 1507 2701
1507 2111 2701
1521 2108 2702
1422 2584 2702
1030 1955 2703
1357 1975 2703
1104 1585 2704
1500 2086 2704
1031 1861 2705
1355 1957 2705
567 2119 2706
1357 2703 2706
1379 1827 2707
1004 1849 2707
1379 1849 2708
204 2638 2708
1788 2459 2709
1379 2708 2709
1031 1958 2710
1358 1959 2710
568 2118 2711
1358 2710 2711
1513 2235 2712
1361 2569 2712
427 2127 2713
1070 2505 2713
1965 1566 2714
1138 1965 2714
1559 2009 2715
1083 2256 2715
2389 1724 2825
1724 2308 2825
1134 2088 2717
1394 2185 2717
431 1876 2718
1352 1954 2718
2718 1876 2719
1352 2718 2719
1748 2540 2720
1085 2571 2720
1031 1957 2721
1353 1958 2721
782 1874 2722
1353 1875 2722
2721 1957 2723
1353 2721 2723
1418 2139 2724
1142 2275 2724
570 2067 2725
1346 2093 2725
1492 1999 2726
792 2285 2726
268 1905 2727
1023 1947 2727
780 1829 2728
1829 2506 2728
1111 2051 2729
1413 2278 2729
1058 1915 2730
761 2293 2730
981 1772 2731
1772 2642 2731
343 2356 2732
1815 2634 2732
1068 2050 2733
1422 2108 2733
997 1940 2734
1364 1942 2734
1428 1966 2735
1107 2288 2735
2422 1777 2736
1498 2422 2736
1516 2219 2737
780 2260 2737
776 1956 2738
1429 2236 2738
1372 1860 2739
544 1867 2739
1867 2476 2740
762 2561 2740
1420 2136 2741
1141 2269 2741
1127 1538 2742
576 1880 2742
770 1794 2743
1127 1880 2743
433 2042 2744
1127 2743 2744
1456 2152 2745
1455 2296 2745
572 1976 2746
1068 1999 2746
1483 2290 2747
800 2547 2747
542 1997 2748
1821 2691 2748
1106 2122 2749
1496 2285 2749
1740 2601 2750
1074 2603 2750
1493 2079 2751
779 2288 2751
272 2231 2752
1819 2507 2752
1291 1822 2753
2665 2372 2918
1368 1937 2754
1576 2195 2754
1049 2002 2755
1840 2435 2755
768 2006 2756
1889 2158 2756
767 2007 2757
1886 2160 2757
1051 2003 2758
1843 2436 2758
341 1762 2759
1375 2550 2759
766 1801 2760
1016 1972 2760
1067 1993 2761
1336 2034 2761
1032 2090 2762
1378 2637 2762
993 1812 2763
1812 2129 2763
756 1883 2764
1381 1973 2764
1376 1893 2765
997 1942 2765
1155 1598 2766
797 2051 2766
557 1452 2767
1013 1856 2767
1112 2070 2768
749 2470 2768
1312 1881 2769
267 2643 2769
1370 1970 2770
802 1985 2770
1357 2119 2771
453 2138 2771
1346 2417 2772
1803 2523 2772
801 1869 2773
1869 1998 2773
1388 1939 2774
1815 2732 2774
752 1939 2775
1388 2356 2775
1345 1828 2776
733 1952 2776
1313 1882 2777
269 2641 2777
577 2055 2778
1115 2096 2778
1300 1920 2779
1015 2484 2779
2537 1912 2780
1398 2537 2780
1358 2118 2781
451 2424 2781
268 1947 2782
1947 2635 2782
1470 1888 2783
788 2154 2783
1380 1859 2784
799 1996 2784
1369 2234 2785
985 2678 2785
778 2278 2786
1898 2529 2786
1371 1980 2787
803 1981 2787
562 1989 2788
1081 2351 2788
1382 1948 2789
1501 2137 2789
1391 1869 2790
546 1852 2939
1109 1580 2791
581 2061 2791
1108 1581 2792
582 2063 2792
1307 1831 2793
1002 1890 2793
755 2480 2794
1458 2491 2794
567 1955 2795
1352 2719 2795
568 1958 2796
1353 2722 2796
1394 2012 2797
1796 2562 2797
228 1557 2798
1143 2049 2798
1351 2074 2799
2074 2171 2799
345 2054 2800
1926 2692 2800
1113 2196 2801
432 2698 2801
273 2030 2802
2030 2205 2802
1149 1604 2803
810 2104 2803
1148 1603 2804
809 2103 2804
2342 1726 2958
1734 2573 2805
989 1781 2806
1781 2324 2806
1848 2309 2891
1736 2501 2927
1733 2315 2960
1377 2602 2808
1295 1820 2809
743 2319 2954
543 1755 2810
1294 2340 2810
753 2315 2811
1743 2609 2811
228 2318 2812
1725 2358 2812
726 2344 2813
1293 2345 2813
1302 2384 2814
1728 2385 2814
1305 2347 2815
1737 2380 2815
1306 2419 2816
1750 2431 2816
998 2334 2817
1794 2341 2925
2389 2346 2818
1724 2389 2818
1724 2307 2819
980 1808 2859
543 2349 2820
1003 2360 2820
1745 2487 2821
2487 2678 2821
1746 2310 2878
1303 2439 2822
424 1773 2823
1769 2370 2823
1317 2312 2824
990 2373 2824
1373 2389 2825
423 2716 2825
1043 2471 2826
1754 2485 2826
2307 2345 2827
1293 2475 2827
1310 1772 2828
981 2382 2828
730 2364 2829
1306 2420 2829
1299 2327 2830
1765 2399 2830
730 2312 2831
1759 2364 2831
751 2022 2832
1419 2351 2832
1402 2320 2877
1291 2753 2833
1775 2330 2834
541 2677 2834
1289 2309 2909
1726 2319 2835
1786 2359 2836
1334 2396 2836
1725 2333 2837
2837 2332 2848
548 2392 2838
1039 2559 2838
1327 1775 2839
991 2314 2839
336 2438 2840
1327 2839 2840
1022 1952 2965
1936 2388 2841
1739 2372 2842
982 2833 2842
1017 2355 2843
1809 2488 2843
737 2398 2844
1328 2843 2844
1303 2310 2845
983 2516 2964
1314 1848 2846
1827 2456 2846
1350 2371 2847
2362 2381 2847
727 2358 2848
1725 2837 2848
1532 2016 2849
741 2410 2849
1833 2393 2957
1314 2456 2850
1309 2337 2851
1050 2483 2851
537 2399 2852
1765 2551 2852
987 2331 2853
1733 2442 2853
1780 2378 2854
989 2806 2854
1296 2329 2855
1761 2643 2855
1340 2321 2856
1924 2585 2856
561 1974 2857
1044 2416 2857
1778 2366 2858
1291 2646 2858
423 2308 2867
2308 2819 2859
995 2318 2860
1332 2675 2860
2045 2337 2861
1732 2475 2861
1292 2326 2862
1771 2346 2862
552 2335 2863
1727 2412 2863
990 2312 2864
1727 2335 2864
746 2386 2865
1756 2669 2865
427 2493 2866
2372 2664 2866
1341 2361 2867
2308 2859 2867
1752 2354 2868
982 2432 2868
1295 2342 2869
535 2514 2869
1360 2334 2870
998 2624 2870
1337 2348 2871
1749 2731 2871
737 2355 2872
1340 2468 2872
2513 1790 2968
1418 2724 2873
1389 2687 2874
752 2699 2874
2512 1789 2967
1420 2741 2875
1041 2354 2876
1894 2486 2876
2320 2833 2877
982 2868 2877
336 2314 2878
2310 2822 2878
746 2339 2879
1294 2810 2879
2350 2411 2880
548 2838 2880
1298 2378 2881
1735 2445 2881
1288 2324 2882
1729 2325 2882
726 2813 2955
1729 2324 2883
1733 2331 2884
1297 2811 2884
1961 2072 2885
1344 2511 2885
2337 2429 2886
980 2819 2959
986 2407 2887
1312 2769 2887
752 2328 2888
1741 2369 2888
1337 1877 2889
996 2327 2930
1731 2338 2890
1339 2576 2890
2309 2807 2891
1004 2846 2891
1374 1995 2892
1897 2611 2892
1731 2329 2893
2328 2874 2893
988 2326 2894
1362 2357 2894
1288 2325 2895
1738 2554 2895
1367 1926 2896
766 1972 2944
1318 2335 2897
552 2506 2897
557 1454 2898
1005 2321 2898
727 2332 2899
1059 2379 2899
987 2403 2900
1313 2777 2900
753 1937 2901
1927 2450 2901
984 2381 2902
1734 2805 2902
739 1908 2903
1373 2400 2903
1810 2508 2904
1300 2779 2904
1827 2357 2905
1362 2595 2905
1742 2402 2906
557 2898 2906
1315 2502 2907
979 2566 2907
1747 2309 2908
543 2810 2908
984 2311 2910
2311 2835 2909
1747 2340 2910
2311 2909 2910
1770 2619 2911
751 2832 2911
1476 2180 2912
1047 2409 2912
1735 2348 2930
738 2445 2913
1038 2430 2914
1811 2504 2914
1744 2353 2915
1931 2588 2915
994 2394 2916
1729 2883 2916
1763 2641 2917
1297 2884 2917
736 2665 2918
1739 2753 2918
1370 2518 2919
1063 2590 2919
1371 2521 2920
1062 2589 2920
2387 1974 2921
1807 2387 2921
1778 2646 2922
796 2656 2922
770 2409 2923
1375 2759 2923
1549 1924 2924
1924 2536 2924
1311 2460 2925
998 2817 2925
1402 2354 2926
1906 2568 2926
2501 2807 2927
1289 2835 2927
1302 2459 2928
1788 2638 2928
1781 2557 2929
1319 2558 2929
2348 2889 2930
2327 2913 2930
1296 2316 2931
1741 2328 2931
1741 2316 2932
559 1943 2940
2493 2457 2933
1751 2493 2933
1297 2317 2966
560 2365 2934
984 2340 2935
1350 2381 2935
1342 2443 2936
732 2539 2936
1022 1953 2937
1322 2364 2937
1061 2425 2938
1383 2426 2938
1852 2343 2939
1391 2790 2939
1414 2369 2940
2369 2932 2940
1967 2491 2941
1757 2530 2941
1377 1837 2942
1065 2526 2942
541 2325 2943
1729 2394 2943
1391 2343 2944
2343 2896 2944
2632 1776 2945
539 2632 2945
1290 2333 2946
1836 2458 2946
350 1983 2947
1983 2489 2947
1742 2355 2948
1017 2402 2948
1360 2401 2949
736 2753 2949
1329 1925 2950
1003 2322 2950
774 2387 2951
1498 2736 2951
1842 2605 2952
1481 2686 2952
1338 2407 2953
986 2576 2953
1726 2342 2954
2342 2809 2954
1728 2814 2955
2313 2883 2955
2812 2358 2956
1826 2812 2956
725 2595 2957
1730 2850 2957
535 2342 2958
1726 2805 2958
2307 2827 2959
1732 2886 2959
538 2442 2960
2315 2808 2960
1730 2322 2961
1314 2850 2961
1163 2230 2962
1418 2873 2962
1164 2223 2963
1420 2875 2963
1798 2541 2964
1760 2845 2964
1387 1953 2965
1952 2841 2965
1743 2811 2966
2317 2934 2966
773 2512 2967
1164 2875 2967
771 2513 2968
1163 2873 2968
